timeslot,discomcode,revisionno,BTPS,PRAGATI,RPH,DADRI_T,GT_OC,CSGS,GT_RLNG,PRG_RLNG,DVC,GT_LF,GT_CC,PRG_G_CC,GT_RLG_C,GT_LF_CC,PG_RLG_C,REGULATE,MTPS6,JHAJJAR,NJPC,CCGT_OC,CCGT_CC,CCGT_RCC,CCGT_ROC,CLPJHAJR,MEJIA7,MAITHON,SECI,RITHL_CC,RITHL_OC,RITHL_RC,RITHL_RO,NHPC,DADRI_T2,ANTA_GF,AURY_GF,FARAKKA,RIHAND1,RIHAND2,RIHAND3,SASAN,SNGRAULI,UNCHHAR1,UNCHHAR2,UNCHHAR3,KAHLGAN1,KAHLGAN2,DADRI_GF,ANTA_RF,AURY_RF,DADRI_RF,KOLDAM,TH_HPP,KTWR_HEP,SEWA2,DMSWSL,NAPP,RAPPB,MUNDRA,RAMPUR,RAPPC,TALA,ANTA_LF,AURY_LF,DADRI_LF,URI,URI2,CHAMERA1,CHAMERA2,CHAMERA3,DHAULIGNGA,DULHASTI,PARBATI3,SALAL,TANAKPUR,BSIUL,UNCHAHAR4,PRG_CCLF,PRG_OCLF,CCGTCCSPOT,CCGTOCSPOT,SNG_HYDRO,SHEP,GIREL,RUMS_DMRC,SEIPL,THPPL,NHPPL,ANTA_CRF,AURY_CRF,DADR_CRF,ALFANR_I,ALFANR_II,ALFANR_III,ERCPL_FTG,ERPCL_FTG2,AP41PL_BHDL,ASE4PL,SBSRBYPL,SBSRTPDDL,RSTOSU7,RSTPS1TO6,TALST2,SIMHST2,KUDGI,NLCEXP,NLCIIST1,NLCIIST2,NLCTS2EXP,NNTPP,NTPL,MAPS,KGSU1AND2,KGSU3AND4,KKNP,VALLURNTECL,SRIJAN_M,SITAC_BRPL,SITAC_BYPL,TANDA2,KSHNGNGA,VSTPS_I,VSTPS_II,VSTPS_III,VSTPS_IV,VSTPS_V,LARA_I,SIPAT_I,SIPAT_II,KSTPS_I_II,MOUDA,MOUDA_II,SOLAPUR,GAN_NAPM,KAWASCMGAS,GAN_COMGAS,GAN_RLNG,KHARGONE_I,KSTPS7,KAWAS_RLNG,GADARWAR_I,KAWAS_ZLIQ,TAPS_II,KAWAS_APM,GAN_APM,KAPS,MEJA,TWEPL,GBHHPL,THAR_BYPL,THAR_BRPL,Total_EXPP,OpenAccess,InterDiscomTransfer,Losses,idtexbil,Total
1,BRPL,37DSBRPL2023/09/22,0.0000,0.0000,0.0000,0.0000,0.0000,0.0000,0.0000,0.0000,117.3000,0.0000,0.0000,75.2589,0.0000,0.0000,0.0000,0.0000,32.3200,2.8800,39.4400,0.0000,75.0000,0.0000,0.0000,0.0000,0.0000,0.0000,0.0000,0.0000,0.0000,0.0000,0.0000,0.0000,491.6900,0.0000,0.0000,7.6500,61.2000,49.7900,70.3300,49.3200,19.4800,2.9500,17.8600,3.8400,18.4200,62.1800,0.0000,0.0000,0.0000,0.0000,0.0000,30.1700,5.9100,0.0000,0.0000,25.4300,0.0000,0.0000,0.0000,21.3900,8.0500,0.0000,0.0000,0.0000,20.4800,13.6100,16.6500,16.6500,8.1600,11.5200,13.8400,0.0000,61.5600,4.7500,2.7500,0.0000,0.0000,0.0000,0.0000,0.0000,0.0000,0.0000,7.2000,0.0000,0.0000,0.0000,0.0000,0.0000,0.0000,0.0000,37.5800,0.0000,0.0000,0.0000,0.0000,0.0000,0.0000,0.0000,0.0000,0.0000,0.0000,0.0000,0.0000,0.0000,0.0000,0.0000,0.0000,0.0000,0.0000,0.0000,0.0000,0.0000,0.0000,0.0000,0.0000,10.6400,28.0700,0.0000,0.0000,0.0000,0.0000,0.0000,0.0000,0.0000,0.0000,0.0000,0.0000,0.0000,0.0000,0.0000,0.0000,0.0000,0.0000,0.0000,0.0000,0.0000,0.0000,0.0000,0.0000,0.0000,0.0000,0.0000,0.0000,0.0000,0.0000,0.0000,9.9294,30.4100,0.0000,0.0000,1581.6583,1114.02,0.00,24.7224,0.00,2670.9559
2,BRPL,37DSBRPL2023/09/22,0.0000,0.0000,0.0000,0.0000,0.0000,0.0000,0.0000,0.0000,117.3000,0.0000,0.0000,75.2589,0.0000,0.0000,0.0000,0.0000,32.3200,2.8800,39.4400,0.0000,75.0000,0.0000,0.0000,0.0000,0.0000,0.0000,0.0000,0.0000,0.0000,0.0000,0.0000,0.0000,491.6900,0.0000,0.0000,7.6500,61.2000,49.7900,70.3300,49.3200,19.4800,2.9500,17.8700,3.8400,18.4200,62.1800,0.0000,0.0000,0.0000,0.0000,0.0000,30.1700,5.9100,0.0000,0.0000,25.4300,0.0000,0.0000,0.0000,21.3900,8.0500,0.0000,0.0000,0.0000,20.4800,13.6100,16.4800,16.6500,8.1600,11.5200,13.8400,0.0000,61.5600,4.7500,2.7500,0.0000,0.0000,0.0000,0.0000,0.0000,0.0000,0.0000,7.2000,0.0000,0.0000,0.0000,0.0000,0.0000,0.0000,0.0000,37.6700,0.0000,0.0000,0.0000,0.0000,0.0000,0.0000,0.0000,0.0000,0.0000,0.0000,0.0000,0.0000,0.0000,0.0000,0.0000,0.0000,0.0000,0.0000,0.0000,0.0000,0.0000,0.0000,0.0000,0.0000,10.9300,28.0200,0.0000,0.0000,0.0000,0.0000,0.0000,0.0000,0.0000,0.0000,0.0000,0.0000,0.0000,0.0000,0.0000,0.0000,0.0000,0.0000,0.0000,0.0000,0.0000,0.0000,0.0000,0.0000,0.0000,0.0000,0.0000,0.0000,0.0000,0.0000,0.0000,9.9294,30.4100,0.0000,0.0000,1581.8283,1074.71,0.00,24.3603,0.00,2632.1780
3,BRPL,37DSBRPL2023/09/22,0.0000,0.0000,0.0000,0.0000,0.0000,0.0000,0.0000,0.0000,117.3000,0.0000,0.0000,75.2589,0.0000,0.0000,0.0000,0.0000,32.3200,2.8800,39.4400,0.0000,75.0000,0.0000,0.0000,0.0000,0.0000,0.0000,0.0000,0.0000,0.0000,0.0000,0.0000,0.0000,491.6900,0.0000,0.0000,7.6500,61.2000,49.7900,70.3300,49.3200,19.4800,2.9500,17.8700,3.8400,18.4200,62.1800,0.0000,0.0000,0.0000,0.0000,0.0000,20.1200,5.9100,0.0000,0.0000,25.4300,0.0000,0.0000,0.0000,21.3900,8.0500,0.0000,0.0000,0.0000,3.7200,13.6100,16.4800,16.6500,8.1600,11.5200,13.8400,0.0000,61.5600,4.7500,2.7500,0.0000,0.0000,0.0000,0.0000,0.0000,0.0000,0.0000,7.2000,0.0000,0.0000,0.0000,0.0000,0.0000,0.0000,0.0000,37.6000,0.0000,0.0000,0.0000,0.0000,0.0000,0.0000,0.0000,0.0000,0.0000,0.0000,0.0000,0.0000,0.0000,0.0000,0.0000,0.0000,0.0000,0.0000,0.0000,0.0000,0.0000,0.0000,0.0000,0.0000,10.9900,28.0700,0.0000,0.0000,0.0000,0.0000,0.0000,0.0000,0.0000,0.0000,0.0000,0.0000,0.0000,0.0000,0.0000,0.0000,0.0000,0.0000,0.0000,0.0000,0.0000,0.0000,0.0000,0.0000,0.0000,0.0000,0.0000,0.0000,0.0000,0.0000,0.0000,9.9294,30.4100,0.0000,0.0000,1555.0583,1080.11,0.00,23.9083,0.00,2611.2600
4,BRPL,37DSBRPL2023/09/22,0.0000,0.0000,0.0000,0.0000,0.0000,0.0000,0.0000,0.0000,117.3000,0.0000,0.0000,75.2589,0.0000,0.0000,0.0000,0.0000,32.3200,2.8800,39.4400,0.0000,75.0000,0.0000,0.0000,0.0000,0.0000,0.0000,0.0000,0.0000,0.0000,0.0000,0.0000,0.0000,491.6900,0.0000,0.0000,7.6500,61.2000,49.7900,70.3300,49.3200,19.4800,2.9500,17.8700,3.8400,18.4200,62.1800,0.0000,0.0000,0.0000,0.0000,0.0000,20.1200,5.9100,0.0000,0.0000,25.4300,0.0000,0.0000,0.0000,21.3900,8.0500,0.0000,0.0000,0.0000,3.7200,13.6100,11.8400,16.6500,8.1600,11.5200,13.8400,0.0000,61.5600,4.7500,2.7500,0.0000,0.0000,0.0000,0.0000,0.0000,0.0000,0.0000,7.2000,0.0000,0.0000,0.0000,0.0000,0.0000,0.0000,0.0000,37.5100,0.0000,0.0000,0.0000,0.0000,0.0000,0.0000,0.0000,0.0000,0.0000,0.0000,0.0000,0.0000,0.0000,0.0000,0.0000,0.0000,0.0000,0.0000,0.0000,0.0000,0.0000,0.0000,0.0000,0.0000,10.9900,28.0400,0.0000,0.0000,0.0000,0.0000,0.0000,0.0000,0.0000,0.0000,0.0000,0.0000,0.0000,0.0000,0.0000,0.0000,0.0000,0.0000,0.0000,0.0000,0.0000,0.0000,0.0000,0.0000,0.0000,0.0000,0.0000,0.0000,0.0000,0.0000,0.0000,9.9294,30.4100,0.0000,0.0000,1550.2983,1040.65,0.00,23.5719,0.00,2567.3764
5,BRPL,37DSBRPL2023/09/22,0.0000,0.0000,0.0000,0.0000,0.0000,0.0000,0.0000,0.0000,117.3000,0.0000,0.0000,75.2589,0.0000,0.0000,0.0000,0.0000,32.3200,9.0400,39.4400,0.0000,75.0000,0.0000,0.0000,0.0000,0.0000,0.0000,0.0000,0.0000,0.0000,0.0000,0.0000,0.0000,491.6900,0.0000,0.0000,7.6500,61.2000,49.7900,70.3300,49.3200,19.4800,8.1800,17.8700,11.1200,18.4200,62.1800,0.0000,0.0000,0.0000,0.0000,0.0000,10.0600,5.9100,0.0000,0.0000,25.4300,0.0000,0.0000,0.0000,21.3900,8.0500,0.0000,0.0000,0.0000,3.7200,4.5400,5.8900,16.6500,8.1600,11.5200,13.8400,0.0000,61.5600,4.7500,0.0000,0.0000,0.0000,0.0000,0.0000,0.0000,0.0000,0.0000,7.2000,0.0000,0.0000,0.0000,0.0000,0.0000,0.0000,0.0000,37.2700,0.0000,0.0000,0.0000,0.0000,0.0000,0.0000,0.0000,0.0000,0.0000,0.0000,0.0000,0.0000,0.0000,0.0000,0.0000,0.0000,0.0000,0.0000,0.0000,0.0000,0.0000,0.0000,0.0000,0.0000,10.7900,27.9400,0.0000,0.0000,0.0000,0.0000,0.0000,0.0000,0.0000,0.0000,0.0000,0.0000,0.0000,0.0000,0.0000,0.0000,0.0000,0.0000,0.0000,0.0000,0.0000,0.0000,0.0000,0.0000,0.0000,0.0000,0.0000,0.0000,0.0000,0.0000,0.0000,9.9294,30.4100,0.0000,0.0000,1540.5983,998.87,0.00,22.5029,0.00,2516.9654
6,BRPL,37DSBRPL2023/09/22,0.0000,0.0000,0.0000,0.0000,0.0000,0.0000,0.0000,0.0000,117.3000,0.0000,0.0000,75.2589,0.0000,0.0000,0.0000,0.0000,32.3200,9.0400,39.4400,0.0000,75.0000,0.0000,0.0000,0.0000,0.0000,0.0000,0.0000,0.0000,0.0000,0.0000,0.0000,0.0000,491.6900,0.0000,0.0000,7.6500,61.2000,49.7900,70.3300,49.3200,19.4800,8.1800,17.8700,11.1200,18.4200,62.1800,0.0000,0.0000,0.0000,0.0000,0.0000,10.0600,5.9100,0.0000,0.0000,25.4300,0.0000,0.0000,0.0000,21.3900,8.0500,0.0000,0.0000,0.0000,3.7200,4.2500,0.0000,16.6500,4.0800,11.5200,13.8400,0.0000,61.5600,4.7500,0.0000,0.0000,0.0000,0.0000,0.0000,0.0000,0.0000,0.0000,7.2000,0.0000,0.0000,0.0000,0.0000,0.0000,0.0000,0.0000,36.9700,0.0000,0.0000,0.0000,0.0000,0.0000,0.0000,0.0000,0.0000,0.0000,0.0000,0.0000,0.0000,0.0000,0.0000,0.0000,0.0000,0.0000,0.0000,0.0000,0.0000,0.0000,0.0000,0.0000,0.0000,10.7100,27.8400,0.0000,0.0000,0.0000,0.0000,0.0000,0.0000,0.0000,0.0000,0.0000,0.0000,0.0000,0.0000,0.0000,0.0000,0.0000,0.0000,0.0000,0.0000,0.0000,0.0000,0.0000,0.0000,0.0000,0.0000,0.0000,0.0000,0.0000,0.0000,0.0000,9.9294,30.4100,0.0000,0.0000,1529.8583,973.91,0.00,22.1887,0.00,2481.5796
7,BRPL,37DSBRPL2023/09/22,0.0000,0.0000,0.0000,0.0000,0.0000,0.0000,0.0000,0.0000,117.3000,0.0000,0.0000,75.2589,0.0000,0.0000,0.0000,0.0000,32.3200,9.0400,39.4400,0.0000,75.0000,0.0000,0.0000,0.0000,0.0000,0.0000,0.0000,0.0000,0.0000,0.0000,0.0000,0.0000,491.6900,0.0000,0.0000,7.6500,61.2000,49.7900,70.3300,49.3200,19.4800,8.1800,17.8700,11.1200,18.4200,62.1800,0.0000,0.0000,0.0000,0.0000,0.0000,0.0000,5.9100,0.0000,0.0000,25.4300,0.0000,0.0000,0.0000,21.3900,8.0500,0.0000,0.0000,0.0000,3.7200,4.2500,0.0000,16.6500,4.0800,11.5200,13.8400,0.0000,54.0800,4.7500,0.0000,0.0000,0.0000,0.0000,0.0000,0.0000,0.0000,0.0000,7.2000,0.0000,0.0000,0.0000,0.0000,0.0000,0.0000,0.0000,30.2500,0.0000,0.0000,0.0000,0.0000,0.0000,0.0000,0.0000,0.0000,0.0000,0.0000,0.0000,0.0000,0.0000,0.0000,0.0000,0.0000,0.0000,0.0000,0.0000,0.0000,0.0000,0.0000,0.0000,0.0000,10.5200,22.2500,0.0000,0.0000,0.0000,0.0000,0.0000,0.0000,0.0000,0.0000,0.0000,0.0000,0.0000,0.0000,0.0000,0.0000,0.0000,0.0000,0.0000,0.0000,0.0000,0.0000,0.0000,0.0000,0.0000,0.0000,0.0000,0.0000,0.0000,0.0000,0.0000,9.9294,30.4100,0.0000,0.0000,1499.8183,924.97,0.00,21.4937,0.00,2403.2946
8,BRPL,37DSBRPL2023/09/22,0.0000,0.0000,0.0000,0.0000,0.0000,0.0000,0.0000,0.0000,117.3000,0.0000,0.0000,75.2589,0.0000,0.0000,0.0000,0.0000,32.3200,9.0400,39.4400,0.0000,75.0000,0.0000,0.0000,0.0000,0.0000,0.0000,0.0000,0.0000,0.0000,0.0000,0.0000,0.0000,491.6900,0.0000,0.0000,7.6500,61.2000,49.7900,70.3300,49.3200,19.4800,8.1800,17.8700,11.1200,18.4200,62.1800,0.0000,0.0000,0.0000,0.0000,0.0000,0.0000,5.9100,0.0000,0.0000,25.4300,0.0000,0.0000,0.0000,21.3900,8.0500,0.0000,0.0000,0.0000,3.7200,4.2500,0.0000,16.6500,4.0800,11.5200,13.8400,0.0000,54.0800,4.7500,0.0000,0.0000,0.0000,0.0000,0.0000,0.0000,0.0000,0.0000,7.2000,0.0000,0.0000,0.0000,0.0000,0.0000,0.0000,0.0000,30.2000,0.0000,0.0000,0.0000,0.0000,0.0000,0.0000,0.0000,0.0000,0.0000,0.0000,0.0000,0.0000,0.0000,0.0000,0.0000,0.0000,0.0000,0.0000,0.0000,0.0000,0.0000,0.0000,0.0000,0.0000,10.5400,22.2600,0.0000,0.0000,0.0000,0.0000,0.0000,0.0000,0.0000,0.0000,0.0000,0.0000,0.0000,0.0000,0.0000,0.0000,0.0000,0.0000,0.0000,0.0000,0.0000,0.0000,0.0000,0.0000,0.0000,0.0000,0.0000,0.0000,0.0000,0.0000,0.0000,9.9294,30.4100,0.0000,0.0000,1499.7983,893.30,0.00,21.2148,0.00,2371.8835
9,BRPL,37DSBRPL2023/09/22,0.0000,0.0000,0.0000,0.0000,0.0000,0.0000,0.0000,0.0000,117.3000,0.0000,0.0000,75.2589,0.0000,0.0000,0.0000,0.0000,32.3200,9.0400,39.4400,0.0000,75.0000,0.0000,0.0000,0.0000,0.0000,0.0000,0.0000,0.0000,0.0000,0.0000,0.0000,0.0000,491.6900,0.0000,0.0000,7.6500,61.2000,49.7900,70.3300,49.3200,19.4800,8.1800,17.8700,11.1200,18.4200,62.1800,0.0000,0.2000,1.1600,1.6900,0.0000,0.0000,5.9100,0.0000,0.0000,25.4300,0.0000,0.0000,0.0000,21.3900,8.0500,0.0000,0.0000,0.0000,4.6600,4.2500,0.0000,11.1000,4.0800,11.5200,13.8400,0.0000,54.0800,4.7500,0.0000,0.0000,0.0000,0.0000,0.0000,0.0000,0.0000,0.0000,7.2000,0.0000,0.0000,0.0000,0.0000,0.0000,0.0000,0.0000,30.1500,0.0000,0.0000,0.0000,0.0000,0.0000,0.0000,0.0000,0.0000,0.0000,0.0000,0.0000,0.0000,0.0000,0.0000,0.0000,0.0000,0.0000,0.0000,0.0000,0.0000,0.0000,0.0000,0.0000,0.0000,10.4200,22.0400,0.0000,0.0000,0.0000,0.0000,0.0000,0.0000,0.0000,0.0000,0.0000,0.0000,0.0000,0.0000,0.0000,0.0000,0.0000,0.0000,0.0000,0.0000,0.0000,0.0000,0.0000,0.0000,0.0000,0.0000,0.0000,0.0000,0.0000,0.0000,0.0000,9.9294,30.4600,0.0000,0.0000,1497.8983,859.66,0.00,20.9021,0.00,2336.6562
10,BRPL,37DSBRPL2023/09/22,0.0000,0.0000,0.0000,0.0000,0.0000,0.0000,0.0000,0.0000,117.3000,0.0000,0.0000,75.2589,0.0000,0.0000,0.0000,0.0000,32.3200,9.0400,39.4400,0.0000,75.0000,0.0000,0.0000,0.0000,0.0000,0.0000,0.0000,0.0000,0.0000,0.0000,0.0000,0.0000,491.6900,0.0000,0.0000,7.6500,61.2000,49.7900,70.3300,49.3200,19.4800,8.1800,17.8700,11.1200,18.4200,62.1800,0.0000,0.0000,0.0000,0.0000,0.0000,0.0000,5.9100,0.0000,0.0000,25.4300,0.0000,0.0000,0.0000,21.3900,8.0500,0.0000,0.0000,0.0000,4.6600,4.2500,0.0000,11.1000,4.0800,11.5200,13.8400,0.0000,54.0800,4.7500,0.0000,0.0000,0.0000,0.0000,0.0000,0.0000,0.0000,0.0000,7.2000,0.0000,0.0000,0.0000,0.0000,0.0000,0.0000,0.0000,30.0800,0.0000,0.0000,0.0000,0.0000,0.0000,0.0000,0.0000,0.0000,0.0000,0.0000,0.0000,0.0000,0.0000,0.0000,0.0000,0.0000,0.0000,0.0000,0.0000,0.0000,0.0000,0.0000,0.0000,0.0000,10.3100,21.6500,0.0000,0.0000,0.0000,0.0000,0.0000,0.0000,0.0000,0.0000,0.0000,0.0000,0.0000,0.0000,0.0000,0.0000,0.0000,0.0000,0.0000,0.0000,0.0000,0.0000,0.0000,0.0000,0.0000,0.0000,0.0000,0.0000,0.0000,0.0000,0.0000,9.9294,30.4600,0.0000,0.0000,1494.2783,820.99,0.00,20.6531,0.00,2294.6152
11,BRPL,37DSBRPL2023/09/22,0.0000,0.0000,0.0000,0.0000,0.0000,0.0000,0.0000,0.0000,117.3000,0.0000,0.0000,75.2589,0.0000,0.0000,0.0000,0.0000,33.6800,9.0400,39.4400,0.0000,81.9586,0.0000,0.0000,0.0000,0.0000,0.0000,0.0000,0.0000,0.0000,0.0000,0.0000,0.0000,491.6900,0.0000,0.0000,7.9700,61.2000,49.7900,70.3300,49.3200,19.4800,8.1800,18.6200,11.1200,18.4200,62.1800,0.0000,0.0000,0.0000,0.0000,0.0000,0.0000,5.9100,0.0000,0.0000,25.4300,0.0000,0.0000,0.0000,21.3900,8.6700,0.0000,0.0000,0.0000,20.4800,4.2500,0.0000,11.1000,4.0800,11.5200,13.8400,0.0000,54.0800,4.7500,0.0000,0.0000,0.0000,0.0000,0.0000,0.0000,0.0000,0.0000,7.2000,0.0000,0.0000,0.0000,0.0000,0.0000,0.0000,0.0000,30.0800,0.0000,0.0000,0.0000,0.0000,0.0000,0.0000,0.0000,0.0000,0.0000,0.0000,0.0000,0.0000,0.0000,0.0000,0.0000,0.0000,0.0000,0.0000,0.0000,0.0000,0.0000,0.0000,0.0000,0.0000,10.2800,21.4400,0.0000,0.0000,0.0000,0.0000,0.0000,0.0000,0.0000,0.0000,0.0000,0.0000,0.0000,0.0000,0.0000,0.0000,0.0000,0.0000,0.0000,0.0000,0.0000,0.0000,0.0000,0.0000,0.0000,0.0000,0.0000,0.0000,0.0000,0.0000,0.0000,9.9294,30.4600,0.0000,0.0000,1519.8669,785.76,0.00,20.4451,0.00,2285.1818
12,BRPL,37DSBRPL2023/09/22,0.0000,0.0000,0.0000,0.0000,0.0000,0.0000,0.0000,0.0000,117.3000,0.0000,0.0000,75.2589,0.0000,0.0000,0.0000,0.0000,33.6800,9.0400,39.4400,0.0000,81.9586,0.0000,0.0000,0.0000,0.0000,0.0000,0.0000,0.0000,0.0000,0.0000,0.0000,0.0000,491.6900,0.0000,0.0000,7.6500,61.2000,49.7900,70.3300,49.3200,19.4800,8.1800,17.8700,11.1200,18.4200,62.1800,0.0000,0.0000,0.0000,0.0000,0.0000,0.0000,5.9100,0.0000,0.0000,25.4300,0.0000,0.0000,0.0000,21.3900,8.6700,0.0000,0.0000,0.0000,20.4800,4.2500,0.0000,11.1000,4.0800,11.5200,13.8400,0.0000,54.0800,4.7500,0.0000,0.0000,0.0000,0.0000,0.0000,0.0000,0.0000,0.0000,7.2000,0.0000,0.0000,0.0000,0.0000,0.0000,0.0000,0.0000,30.0700,0.0000,0.0000,0.0000,0.0000,0.0000,0.0000,0.0000,0.0000,0.0000,0.0000,0.0000,0.0000,0.0000,0.0000,0.0000,0.0000,0.0000,0.0000,0.0000,0.0000,0.0000,0.0000,0.0000,0.0000,9.9400,21.0500,0.0000,0.0000,0.0000,0.0000,0.0000,0.0000,0.0000,0.0000,0.0000,0.0000,0.0000,0.0000,0.0000,0.0000,0.0000,0.0000,0.0000,0.0000,0.0000,0.0000,0.0000,0.0000,0.0000,0.0000,0.0000,0.0000,0.0000,0.0000,0.0000,9.9294,30.4600,0.0000,0.0000,1518.0569,754.10,0.00,20.1506,0.00,2252.0063
13,BRPL,37DSBRPL2023/09/22,0.0000,0.0000,0.0000,0.0000,0.0000,0.0000,0.0000,0.0000,117.3000,0.0000,0.0000,75.2589,0.0000,0.0000,0.0000,0.0000,33.6800,9.0400,39.4400,0.0000,83.7565,0.0000,0.0000,0.0000,0.0000,0.0000,0.0000,0.0000,0.0000,0.0000,0.0000,0.0000,491.6900,0.0000,0.0000,7.6500,61.2000,49.7900,70.3300,49.3200,19.4800,8.1800,17.8700,11.1200,18.4200,62.1800,0.0000,0.0000,0.0000,0.0000,0.0000,0.0000,5.9100,0.0000,0.0000,25.4300,0.0000,0.0000,0.0000,21.3900,8.6700,0.0000,0.0000,0.0000,4.6600,4.2500,0.0000,11.1000,4.0800,11.5200,13.8400,0.0000,54.0800,4.2600,2.7500,0.0000,0.0000,0.0000,0.0000,0.0000,0.0000,0.0000,7.2000,0.0000,0.0000,0.0000,0.0000,0.0000,0.0000,0.0000,30.0200,0.0000,0.0000,0.0000,0.0000,0.0000,0.0000,0.0000,0.0000,0.0000,0.0000,0.0000,0.0000,0.0000,0.0000,0.0000,0.0000,0.0000,0.0000,0.0000,0.0000,0.0000,0.0000,0.0000,0.0000,9.8500,21.0200,0.0000,0.0000,0.0000,0.0000,0.0000,0.0000,0.0000,0.0000,0.0000,0.0000,0.0000,0.0000,0.0000,0.0000,0.0000,0.0000,0.0000,0.0000,0.0000,0.0000,0.0000,0.0000,0.0000,0.0000,0.0000,0.0000,0.0000,0.0000,0.0000,9.9294,30.4600,0.0000,0.0000,1506.1248,709.51,0.00,19.8468,0.00,2195.7880
14,BRPL,37DSBRPL2023/09/22,0.0000,0.0000,0.0000,0.0000,0.0000,0.0000,0.0000,0.0000,117.3000,0.0000,0.0000,75.2589,0.0000,0.0000,0.0000,0.0000,33.6800,9.0400,39.4400,0.0000,83.7565,0.0000,0.0000,0.0000,0.0000,0.0000,0.0000,0.0000,0.0000,0.0000,0.0000,0.0000,491.6900,0.0000,0.0000,7.6500,61.2000,49.7900,70.3300,49.3200,19.4800,3.8400,17.8700,6.7200,18.4200,62.1800,0.0000,0.0000,0.0000,0.0000,0.0000,0.0000,5.9100,0.0000,0.0000,25.4300,0.0000,0.0000,0.0000,21.3900,8.6700,0.0000,0.0000,0.0000,4.6600,4.2500,0.0000,11.1000,4.0800,11.5200,13.8400,0.0000,54.0800,4.2600,2.7500,0.0000,0.0000,0.0000,0.0000,0.0000,0.0000,0.0000,7.2000,0.0000,0.0000,0.0000,0.0000,0.0000,0.0000,0.0000,30.0100,0.0000,0.0000,0.0000,0.0000,0.0000,0.0000,0.0000,0.0000,0.0000,0.0000,0.0000,0.0000,0.0000,0.0000,0.0000,0.0000,0.0000,0.0000,0.0000,0.0000,0.0000,0.0000,0.0000,0.0000,9.3200,20.7500,0.0000,0.0000,0.0000,0.0000,0.0000,0.0000,0.0000,0.0000,0.0000,0.0000,0.0000,0.0000,0.0000,0.0000,0.0000,0.0000,0.0000,0.0000,0.0000,0.0000,0.0000,0.0000,0.0000,0.0000,0.0000,0.0000,0.0000,0.0000,0.0000,9.9294,30.4600,0.0000,0.0000,1496.5748,688.15,0.00,19.6804,0.00,2165.0444
15,BRPL,37DSBRPL2023/09/22,0.0000,0.0000,0.0000,0.0000,0.0000,0.0000,0.0000,0.0000,117.3000,0.0000,0.0000,75.2589,0.0000,0.0000,0.0000,0.0000,32.3200,9.0400,39.4400,0.0000,83.7565,0.0000,0.0000,0.0000,0.0000,0.0000,0.0000,0.0000,0.0000,0.0000,0.0000,0.0000,491.6900,0.0000,0.0000,7.6500,61.2000,49.7900,70.3300,49.3200,19.4800,3.8400,17.8700,3.8400,18.4200,62.1800,0.0000,0.0000,0.0000,0.0000,0.0000,0.0000,5.9100,0.0000,0.0000,25.4300,0.0000,0.0000,0.0000,21.3900,8.6700,0.0000,0.0000,0.0000,4.6600,4.2500,0.0000,11.1000,4.0800,11.5200,13.8400,0.0000,54.0800,4.2600,2.7500,0.0000,0.0000,0.0000,0.0000,0.0000,0.0000,0.0000,7.2000,0.0000,0.0000,0.0000,0.0000,0.0000,0.0000,0.0000,30.1300,0.0000,0.0000,0.0000,0.0000,0.0000,0.0000,0.0000,0.0000,0.0000,0.0000,0.0000,0.0000,0.0000,0.0000,0.0000,0.0000,0.0000,0.0000,0.0000,0.0000,0.0000,0.0000,0.0000,0.0000,8.2600,25.1400,0.0000,0.0000,0.0000,0.0000,0.0000,0.0000,0.0000,0.0000,0.0000,0.0000,0.0000,0.0000,0.0000,0.0000,0.0000,0.0000,0.0000,0.0000,0.0000,0.0000,0.0000,0.0000,0.0000,0.0000,0.0000,0.0000,0.0000,0.0000,0.0000,9.9294,30.4600,0.0000,0.0000,1495.7848,659.20,0.00,19.4891,0.00,2135.4957
16,BRPL,37DSBRPL2023/09/22,0.0000,0.0000,0.0000,0.0000,0.0000,0.0000,0.0000,0.0000,117.3000,0.0000,0.0000,75.2589,0.0000,0.0000,0.0000,0.0000,32.3200,9.0400,39.4400,0.0000,83.7565,0.0000,0.0000,0.0000,0.0000,0.0000,0.0000,0.0000,0.0000,0.0000,0.0000,0.0000,491.6900,0.0000,0.0000,7.6500,61.2000,49.7900,70.3300,49.3200,19.4800,3.8400,17.8700,6.8400,18.4200,62.1800,0.0000,0.0000,0.0000,0.0000,0.0000,0.0000,5.9100,0.0000,0.0000,25.4300,0.0000,0.0000,0.0000,21.3900,8.6700,0.0000,0.0000,0.0000,4.6600,4.2500,0.0000,11.1000,4.0800,11.5200,13.8400,0.0000,54.0800,4.2600,2.7500,0.0000,0.0000,0.0000,0.0000,0.0000,0.0000,0.0000,7.2000,0.0000,0.0000,0.0000,0.0000,0.0000,0.0000,0.0000,30.0600,0.0000,0.0000,0.0000,0.0000,0.0000,0.0000,0.0000,0.0000,0.0000,0.0000,0.0000,0.0000,0.0000,0.0000,0.0000,0.0000,0.0000,0.0000,0.0000,0.0000,0.0000,0.0000,0.0000,0.0000,7.9500,24.8100,0.0000,0.0000,0.0000,0.0000,0.0000,0.0000,0.0000,0.0000,0.0000,0.0000,0.0000,0.0000,0.0000,0.0000,0.0000,0.0000,0.0000,0.0000,0.0000,0.0000,0.0000,0.0000,0.0000,0.0000,0.0000,0.0000,0.0000,0.0000,0.0000,9.9294,30.4600,0.0000,0.0000,1498.0748,632.61,0.00,19.1520,0.00,2111.5328
17,BRPL,37DSBRPL2023/09/22,0.0000,0.0000,0.0000,0.0000,0.0000,0.0000,0.0000,0.0000,117.3000,0.0000,0.0000,75.2589,0.0000,0.0000,0.0000,0.0000,32.3200,9.0400,39.4400,0.0000,83.7565,0.0000,0.0000,0.0000,0.0000,0.0000,0.0000,0.0000,0.0000,0.0000,0.0000,0.0000,484.6400,0.0000,0.0000,7.6500,61.2000,49.7900,70.3300,49.0000,19.4800,3.8400,17.8700,3.8400,18.4200,62.1800,0.0000,0.0000,0.0000,0.0000,0.0000,0.0000,5.9100,0.0000,0.0000,25.4300,0.0000,0.0000,0.0000,21.3900,8.6700,0.0000,0.0000,0.0000,4.6600,4.2500,0.0000,11.1000,4.0800,11.5200,13.8400,0.0000,54.0800,4.2600,2.7500,0.0000,0.0000,0.0000,0.0000,0.0000,0.0000,0.0000,7.2000,0.0000,0.0000,0.0000,0.0000,0.0000,0.0000,0.0000,29.5600,0.0000,0.0000,0.0000,0.0000,0.0000,0.0000,0.0000,0.0000,0.0000,0.0000,0.0000,0.0000,0.0000,0.0000,0.0000,0.0000,0.0000,0.0000,0.0000,0.0000,0.0000,0.0000,0.0000,0.0000,8.0000,24.6800,0.0000,0.0000,0.0000,0.0000,0.0000,0.0000,0.0000,0.0000,0.0000,0.0000,0.0000,0.0000,0.0000,0.0000,0.0000,0.0000,0.0000,0.0000,0.0000,0.0000,0.0000,0.0000,0.0000,0.0000,0.0000,0.0000,0.0000,0.0000,0.0000,9.9294,30.4600,0.0000,0.0000,1487.1248,647.57,0.00,18.9409,0.00,2115.7539
18,BRPL,37DSBRPL2023/09/22,0.0000,0.0000,0.0000,0.0000,0.0000,0.0000,0.0000,0.0000,117.3000,0.0000,0.0000,75.2589,0.0000,0.0000,0.0000,0.0000,32.3200,2.8800,39.4400,0.0000,83.7565,0.0000,0.0000,0.0000,0.0000,0.0000,0.0000,0.0000,0.0000,0.0000,0.0000,0.0000,482.7200,0.0000,0.0000,7.6500,61.2000,49.7900,70.3300,49.0000,19.4800,3.8400,17.8700,3.8400,18.4200,62.1800,0.0000,0.0000,0.0000,0.0000,0.0000,0.0000,5.9100,0.0000,0.0000,25.4300,0.0000,0.0000,0.0000,21.3900,8.6700,0.0000,0.0000,0.0000,4.6600,4.2500,0.0000,11.1000,4.0800,11.5200,13.8400,0.0000,54.0800,4.2600,2.7500,0.0000,0.0000,0.0000,0.0000,0.0000,0.0000,0.0000,7.2000,0.0000,0.0000,0.0000,0.0000,0.0000,0.0000,0.0000,29.2600,0.0000,0.0000,0.0000,0.0000,0.0000,0.0000,0.0000,0.0000,0.0000,0.0000,0.0000,0.0000,0.0000,0.0000,0.0000,0.0000,0.0000,0.0000,0.0000,0.0000,0.0000,0.0000,0.0000,0.0000,7.8900,24.5900,0.0000,0.0000,0.0000,0.0000,0.0000,0.0000,0.0000,0.0000,0.0000,0.0000,0.0000,0.0000,0.0000,0.0000,0.0000,0.0000,0.0000,0.0000,0.0000,0.0000,0.0000,0.0000,0.0000,0.0000,0.0000,0.0000,0.0000,0.0000,0.0000,9.9294,30.4600,0.0000,0.0000,1478.5448,634.13,0.00,18.7471,0.00,2093.9277
19,BRPL,37DSBRPL2023/09/22,0.0000,0.0000,0.0000,0.0000,0.0000,0.0000,0.0000,0.0000,117.3000,0.0000,0.0000,75.2589,0.0000,0.0000,0.0000,0.0000,32.3200,2.8800,39.4400,0.0000,83.7565,0.0000,0.0000,0.0000,0.0000,0.0000,0.0000,0.0000,0.0000,0.0000,0.0000,0.0000,478.8900,0.0000,0.0000,7.6500,61.2000,49.7900,70.3300,48.6900,19.4800,3.8400,17.4300,4.1400,18.4200,62.1800,0.0000,0.0000,0.0000,0.0000,0.0000,0.0000,5.9100,0.0000,0.0000,25.4300,0.0000,0.0000,0.0000,21.3900,8.6700,0.0000,0.0000,0.0000,4.6600,4.2500,5.8900,11.1000,4.0800,11.5200,13.8400,0.0000,54.0800,4.2600,2.7500,0.0000,0.0000,0.0000,0.0000,0.0000,0.0000,0.0000,7.2000,0.0000,0.0000,0.0000,0.0000,0.0000,0.0000,0.0000,28.8200,0.0000,0.0000,0.0000,0.0000,0.0000,0.0000,0.0000,0.0000,0.0000,0.0000,0.0000,0.0000,0.0000,0.0000,0.0000,0.0000,0.0000,0.0000,0.0000,0.0000,0.0000,0.0000,0.0000,0.0000,7.6700,24.5000,0.0000,0.0000,0.0000,0.0000,0.0000,0.0000,0.0000,0.0000,0.0000,0.0000,0.0000,0.0000,0.0000,0.0000,0.0000,0.0000,0.0000,0.0000,0.0000,0.0000,0.0000,0.0000,0.0000,0.0000,0.0000,0.0000,0.0000,0.0000,0.0000,9.9294,30.4600,0.0000,0.0000,1479.4048,614.94,0.00,18.5858,0.00,2075.7590
20,BRPL,37DSBRPL2023/09/22,0.0000,0.0000,0.0000,0.0000,0.0000,0.0000,0.0000,0.0000,117.3000,0.0000,0.0000,75.2589,0.0000,0.0000,0.0000,0.0000,32.3200,2.8800,39.4400,0.0000,83.7565,0.0000,0.0000,0.0000,0.0000,0.0000,0.0000,0.0000,0.0000,0.0000,0.0000,0.0000,470.2600,0.0000,0.0000,7.6500,61.2000,49.7900,70.3300,48.6900,19.4800,3.8400,17.8700,4.1400,18.4200,62.1800,0.0000,0.0000,0.0000,0.0000,0.0000,0.0000,5.9100,0.0000,0.0000,25.4300,0.0000,0.0000,0.0000,21.3900,8.6700,0.0000,0.0000,0.0000,4.6600,4.2500,11.8400,11.1000,4.0800,11.5200,13.8400,0.0000,54.0800,4.2600,2.7500,0.0000,0.0000,0.0000,0.0000,0.0000,0.0000,0.0000,7.2000,0.0000,0.0000,0.0000,0.0000,0.0000,0.0000,0.0000,28.4500,0.0000,0.0000,0.0000,0.0000,0.0000,0.0000,0.0000,0.0000,0.0000,0.0000,0.0000,0.0000,0.0000,0.0000,0.0000,0.0000,0.0000,0.0000,0.0000,0.0000,0.0000,0.0000,0.0000,0.0000,7.5300,24.4100,0.0000,0.0000,0.0000,0.0000,0.0000,0.0000,0.0000,0.0000,0.0000,0.0000,0.0000,0.0000,0.0000,0.0000,0.0000,0.0000,0.0000,0.0000,0.0000,0.0000,0.0000,0.0000,0.0000,0.0000,0.0000,0.0000,0.0000,0.0000,0.0000,9.9294,30.4600,0.0000,0.0000,1476.5648,602.46,0.00,18.4510,0.00,2060.5738
21,BRPL,37DSBRPL2023/09/22,0.0000,0.0000,0.0000,0.0000,0.0000,0.0000,0.0000,0.0000,117.3000,0.0000,0.0000,75.2589,0.0000,0.0000,0.0000,0.0000,32.3200,2.8800,39.4400,0.0000,83.7565,0.0000,0.0000,0.0000,0.0000,0.0000,0.0000,0.0000,0.0000,0.0000,0.0000,0.0000,473.1300,0.0000,0.0000,7.6500,61.2000,49.7900,70.3300,48.6900,19.4800,3.8400,17.8700,3.8400,18.4200,62.1800,0.0000,0.0000,0.0000,0.0000,0.0000,0.0000,5.9100,0.0000,0.0000,25.4300,0.0000,0.0000,0.0000,21.3900,8.6700,0.0000,0.0000,0.0000,20.4800,13.6100,11.8400,11.1000,4.0800,11.5200,13.8400,0.0000,54.0800,4.2600,2.7500,0.0000,0.0000,0.0000,0.0000,0.0000,0.0000,0.0000,7.2000,0.0000,0.0000,0.0000,0.0000,0.0000,0.0000,0.0000,28.0700,0.0000,0.0000,0.0000,0.0000,0.0000,0.0000,0.0000,0.0000,0.0000,0.0000,0.0000,0.0000,0.0000,0.0000,0.0000,0.0000,0.0000,0.0000,0.0000,0.0000,0.0000,0.0000,0.0000,0.0000,7.0000,17.6800,0.0000,0.0000,0.0000,0.0000,0.0000,0.0000,0.0000,0.0000,0.0000,0.0000,0.0000,0.0000,0.0000,0.0000,0.0000,0.0000,0.0000,0.0000,0.0000,0.0000,0.0000,0.0000,0.0000,0.0000,0.0000,0.0000,0.0000,0.0000,0.0000,9.9294,30.4600,0.0000,0.0000,1496.6748,580.39,0.00,18.4338,0.00,2058.6310
22,BRPL,37DSBRPL2023/09/22,0.0000,0.0000,0.0000,0.0000,0.0000,0.0000,0.0000,0.0000,117.3000,0.0000,0.0000,75.2589,0.0000,0.0000,0.0000,0.0000,32.3200,2.8800,39.4400,0.0000,83.7565,0.0000,0.0000,0.0000,0.0000,0.0000,0.0000,0.0000,0.0000,0.0000,0.0000,0.0000,465.4600,0.0000,0.0000,7.6500,61.2000,49.7900,70.3300,48.6900,19.4800,3.8400,17.8700,3.8400,18.4200,62.1800,0.0000,0.0000,0.0000,0.0000,0.0000,10.0600,5.9100,0.0000,0.0000,25.4300,0.0000,0.0000,0.0000,21.3900,8.6700,0.0000,0.0000,0.0000,20.4800,13.6100,16.4800,7.8700,4.0800,11.5200,13.8400,0.0000,54.0800,4.2600,2.7500,0.0000,0.0000,0.0000,0.0000,0.0000,0.0000,0.0000,7.2000,0.0000,0.0000,0.0000,0.0000,0.0000,0.0000,0.0000,27.7400,0.0000,0.0000,0.0000,0.0000,0.0000,0.0000,0.0000,0.0000,0.0000,0.0000,0.0000,0.0000,0.0000,0.0000,0.0000,0.0000,0.0000,0.0000,0.0000,0.0000,0.0000,0.0000,0.0000,0.0000,7.0000,17.8400,0.0000,0.0000,0.0000,0.0000,0.0000,0.0000,0.0000,0.0000,0.0000,0.0000,0.0000,0.0000,0.0000,0.0000,0.0000,0.0000,0.0000,0.0000,0.0000,0.0000,0.0000,0.0000,0.0000,0.0000,0.0000,0.0000,0.0000,0.0000,0.0000,9.9294,30.4600,0.0000,0.0000,1500.3048,550.64,0.00,18.2039,0.00,2032.7409
23,BRPL,37DSBRPL2023/09/22,0.0000,0.0000,0.0000,0.0000,0.0000,0.0000,0.0000,0.0000,117.3000,0.0000,0.0000,75.2589,0.0000,0.0000,0.0000,0.0000,32.3200,2.6400,39.4400,0.0000,79.0524,0.0000,0.0000,0.0000,0.0000,0.0000,0.0000,0.0000,0.0000,0.0000,0.0000,0.0000,491.6900,0.0000,0.0000,7.6500,61.2000,49.7900,70.3300,48.6900,19.4800,3.8400,17.8700,3.6100,18.4200,62.1800,0.0000,0.0000,0.0000,0.0000,0.0000,20.1200,5.9100,0.0000,0.0000,25.4300,0.0000,0.0000,0.0000,21.3900,8.6700,0.0000,0.0000,0.0000,4.6600,13.6100,16.4800,7.8700,4.0800,11.5200,13.8400,0.0000,54.0800,4.2600,2.7500,0.0000,0.0000,0.0000,0.0000,0.0000,0.0000,0.0000,7.2000,0.0000,0.0000,0.0000,0.0000,0.0000,0.0000,0.0000,27.3300,0.0000,0.0000,0.0000,0.0000,0.0000,0.0000,0.0000,0.0000,0.0000,0.0000,0.0000,0.0000,0.0000,0.0000,0.0000,0.0000,0.0000,0.0000,0.0000,0.0000,0.0000,0.0000,0.0000,0.0000,7.0000,18.0100,0.0000,0.0000,0.0000,0.0000,0.0000,0.0000,0.0000,0.0000,0.0000,0.0000,0.0000,0.0000,0.0000,0.0000,0.0000,0.0000,0.0000,0.0000,0.0000,0.0000,0.0000,0.0000,0.0000,0.0000,0.0000,0.0000,0.0000,0.0000,0.0000,9.9294,30.4600,0.0000,0.0000,1515.3607,507.64,0.00,18.2924,0.00,2004.7083
24,BRPL,37DSBRPL2023/09/22,0.0000,0.0000,0.0000,0.0000,0.0000,0.0000,0.0000,0.0000,117.3000,0.0000,0.0000,75.2589,0.0000,0.0000,0.0000,0.0000,32.3200,2.9100,39.4400,0.0000,79.0524,0.0000,0.0000,0.0000,0.0000,0.0000,0.0000,0.0000,0.0000,0.0000,0.0000,0.0000,491.6900,0.0000,0.0000,7.6500,61.2000,49.7900,70.3300,48.6900,19.4800,3.8400,17.8700,3.8400,18.4200,62.1800,0.0000,0.0000,0.0000,0.0000,0.0000,31.0500,5.9100,0.0000,0.0000,25.4300,0.0000,0.0000,0.0000,21.3900,8.6700,0.0000,0.0000,0.0000,4.6600,13.6100,16.4800,7.8700,4.0800,11.5200,13.8400,0.0000,54.0800,4.2600,2.7500,0.0000,0.0000,0.0000,0.0000,0.0000,0.0000,0.0000,7.2000,0.0000,0.0000,0.0000,0.0000,0.0000,0.0000,0.0000,27.1200,0.0000,0.0000,0.0000,0.0000,0.1800,0.0000,0.0000,0.0000,0.0000,0.0000,0.0000,0.0000,0.0000,0.0000,0.0000,0.0000,0.0000,0.0000,0.0000,0.0000,0.0000,0.0000,0.0000,0.0000,7.0000,18.0400,0.0000,0.0000,0.0000,0.0000,0.0000,0.0000,0.0000,0.0000,0.0000,0.0000,0.0000,0.0000,0.0000,0.0000,0.0000,0.0000,0.0000,0.0000,0.0000,0.0000,0.0000,0.0000,0.0000,0.0000,0.0000,0.0000,0.0000,0.0000,0.0000,9.9294,30.4600,0.0000,0.0000,1526.7907,472.89,0.00,18.1752,0.00,1981.5055
25,BRPL,37DSBRPL2023/09/22,0.0000,0.0000,0.0000,0.0000,0.0000,0.0000,0.0000,0.0000,117.3000,0.0000,0.0000,75.2589,0.0000,0.0000,0.0000,0.0000,32.3200,9.0400,39.4400,0.0000,75.0000,0.0000,0.0000,0.0000,0.0000,0.0000,0.0000,0.0000,0.0000,0.0000,0.0000,0.0000,491.6900,0.0000,0.0000,7.6500,61.2000,49.7900,70.3300,48.3600,19.4800,8.1800,17.8700,11.1200,18.4200,62.1800,0.0000,0.0000,0.0000,0.0000,0.0000,41.4100,5.9100,0.0000,0.0000,25.4300,0.0000,0.0000,0.0000,21.3900,8.6700,0.0000,0.0000,0.0000,4.6600,4.5400,17.7700,7.8700,4.0800,11.5200,13.8400,0.0000,54.0800,4.2600,2.7500,0.0000,0.0000,0.0000,0.0000,0.0000,0.0000,0.0000,7.2000,6.6052,0.0000,0.0000,0.0000,0.0000,0.0000,0.0000,26.8600,0.0000,0.0000,0.0000,0.0000,1.6600,0.0000,0.0000,0.0000,0.0000,0.0000,0.0000,0.0000,0.0000,0.0000,0.0000,0.0000,0.0000,0.0000,0.0000,0.0000,0.0000,0.0000,0.0000,0.0000,7.0000,17.8500,0.0000,0.0000,0.0000,0.0000,0.0000,0.0000,0.0000,0.0000,0.0000,0.0000,0.0000,0.0000,0.0000,0.0000,0.0000,0.0000,0.0000,0.0000,0.0000,0.0000,0.0000,0.0000,0.0000,0.0000,0.0000,0.0000,0.0000,0.0000,0.0000,9.9294,30.4600,0.0000,0.0000,1550.3735,423.35,19.00,17.9414,0.00,1974.7821
26,BRPL,37DSBRPL2023/09/22,0.0000,0.0000,0.0000,0.0000,0.0000,0.0000,0.0000,0.0000,117.3000,0.0000,0.0000,75.2589,0.0000,0.0000,0.0000,0.0000,32.3200,9.0400,39.4400,0.0000,75.0000,0.0000,0.0000,0.0000,0.0000,0.0000,0.0100,0.0000,0.0000,0.0000,0.0000,0.0000,491.6900,0.0000,0.0000,7.6500,61.2000,49.7900,70.3300,48.3600,19.4800,8.1800,17.8700,11.1200,18.4200,62.1800,0.0000,0.0000,0.0000,0.0000,0.0000,41.4100,5.9100,0.0000,0.0000,25.4300,0.0000,0.0000,0.0000,21.3900,8.6700,0.0000,0.0000,0.0000,4.6600,4.5400,17.7700,7.8700,4.0800,11.5200,13.8400,0.0000,54.0800,4.2600,8.2900,0.0000,0.0000,0.0000,0.0000,0.0000,0.0000,0.0000,7.2000,11.7551,0.0000,0.0000,0.0000,0.0000,0.0000,0.0000,26.3900,0.0000,0.0000,0.0000,0.0000,3.7900,0.0000,0.0000,0.0000,0.0000,0.0000,0.0000,0.0000,0.0000,0.0000,0.0000,0.0000,0.0000,0.0000,0.0000,0.0000,0.0000,0.0000,0.0000,0.0000,10.9900,17.7500,0.0000,0.0000,0.0000,0.0000,0.0000,0.0000,0.0000,0.0000,0.0000,0.0000,0.0000,0.0000,0.0000,0.0000,0.0000,0.0000,0.0000,0.0000,0.0000,0.0000,0.0000,0.0000,0.0000,0.0000,0.0000,0.0000,0.0000,0.0000,0.0000,9.9294,30.4600,0.0000,0.1300,1566.7534,422.52,0.00,17.5577,0.00,1971.7157
27,BRPL,37DSBRPL2023/09/22,0.0000,0.0000,0.0000,0.0000,0.0000,0.0000,0.0000,0.0000,117.3000,0.0000,0.0000,75.2589,0.0000,0.0000,0.0000,0.0000,32.3200,9.0400,39.4400,0.0000,75.0000,0.0000,0.0000,0.0000,0.0000,0.0000,0.1700,0.0000,0.0000,0.0000,0.0000,0.0000,491.6900,0.0000,0.0000,7.6500,61.2000,49.7900,70.3300,48.3600,19.4800,8.1800,17.8700,11.1200,17.9100,62.1800,0.0000,0.0000,0.0000,0.0000,0.0000,41.4100,5.9100,0.0000,0.0000,25.4300,0.0000,0.0000,0.0000,21.3900,8.6700,0.0000,0.0000,0.0000,4.6600,4.5400,17.7700,7.8700,4.0800,11.5200,13.8400,0.0000,54.0800,4.2600,8.2900,0.0000,0.0000,0.0000,0.0000,0.0000,0.0000,0.0000,7.2000,18.4099,0.0000,0.0000,0.0000,0.0000,0.0000,0.0000,33.7600,0.0000,0.0000,1.1300,0.0000,6.5300,0.0000,0.0000,0.0000,0.0000,0.0000,0.0000,0.0000,0.0000,0.0000,0.0000,0.0000,0.0000,0.0000,0.0000,0.0000,0.0000,0.0000,0.0000,0.0000,10.7400,17.6800,0.0000,0.0000,0.0000,0.0000,0.0000,0.0000,0.0000,0.0000,0.0000,0.0000,0.0000,0.0000,0.0000,0.0000,0.0000,0.0000,0.0000,0.0000,0.0000,0.0000,0.0000,0.0000,0.0000,0.0000,0.0000,0.0000,0.0000,0.0000,0.0000,9.9294,31.4800,0.0000,1.6900,1586.5582,388.87,0.00,17.3758,0.00,1958.0524
28,BRPL,37DSBRPL2023/09/22,0.0000,0.0000,0.0000,0.0000,0.0000,0.0000,0.0000,0.0000,117.3000,0.0000,0.0000,75.2589,0.0000,0.0000,0.0000,0.0000,32.3200,9.0400,39.4400,0.0000,75.0000,0.0000,0.0000,0.0000,0.0000,0.0000,0.5500,0.0000,0.0000,0.0000,0.0000,0.0000,491.6900,0.0000,0.0000,7.6500,61.2000,49.7900,70.3300,48.3600,19.4800,8.1800,17.8700,11.1200,17.9100,62.1800,0.0000,0.0000,0.0000,0.0000,0.0000,32.6900,5.9100,0.0000,0.0000,25.4300,0.0000,0.0000,0.0000,21.3900,8.6700,0.0000,0.0000,0.0000,4.6600,4.5400,17.7700,7.8700,4.0800,11.5200,13.8400,0.0000,54.0800,4.2600,8.2900,0.0000,0.0000,0.0000,0.0000,0.0000,0.0000,0.0000,7.2000,36.0301,0.0000,0.0000,0.0000,0.0000,0.0000,0.0000,33.3700,0.0000,0.0000,5.6500,0.0000,9.7500,0.0000,0.0000,0.0000,0.0000,0.0000,0.0000,0.0000,0.0000,0.0000,0.0000,0.0000,0.0000,0.0000,0.0000,0.0000,0.0000,0.0000,0.0000,0.0000,10.5500,17.5900,0.0000,0.0000,0.0000,0.0000,0.0000,0.0000,0.0000,0.0000,0.0000,0.0000,0.0000,0.0000,0.0000,0.0000,0.0000,0.0000,0.0000,0.0000,0.0000,0.0000,0.0000,0.0000,0.0000,0.0000,0.0000,0.0000,0.0000,0.0000,0.0000,9.9294,31.4800,0.0000,5.9200,1607.1384,354.32,0.00,17.0945,0.00,1944.3639
29,BRPL,37DSBRPL2023/09/22,0.0000,0.0000,0.0000,0.0000,0.0000,0.0000,0.0000,0.0000,117.3000,0.0000,0.0000,75.2589,0.0000,0.0000,0.0000,0.0000,32.3200,9.4200,39.4400,0.0000,75.0000,0.0000,0.0000,0.0000,0.0000,0.0000,1.1400,0.0000,0.0000,0.0000,0.0000,0.0000,491.6900,0.0000,0.0000,7.6500,61.2000,49.7900,70.3300,48.3600,19.4800,8.1800,17.8700,11.1200,17.9100,57.9200,0.0000,0.0000,0.0000,0.0000,0.0000,32.6900,5.9100,0.0000,0.0000,25.4300,0.0000,0.0000,0.0000,21.3900,8.6700,0.0000,0.0000,0.0000,20.4800,4.5400,17.7700,7.8700,4.0800,11.5200,13.8400,0.0000,54.0800,4.2600,8.2900,0.0000,0.0000,0.0000,0.0000,0.0000,0.0000,0.0000,7.2000,42.0004,0.0000,0.0000,0.0000,0.0000,0.0000,0.0000,33.2900,0.0000,0.0000,12.7500,0.0000,13.2800,0.0000,0.0000,0.0000,0.0000,0.0000,0.0000,0.0000,0.0000,0.0000,0.0000,0.0000,0.0000,0.0000,0.0000,0.0000,0.0000,0.0000,0.0000,0.0000,10.1400,17.5500,0.0000,0.0000,0.0000,0.0000,0.0000,0.0000,0.0000,0.0000,0.0000,0.0000,0.0000,0.0000,0.0000,0.0000,0.0000,0.0000,0.0000,0.0000,0.0000,0.0000,0.0000,0.0000,0.0000,0.0000,0.0000,0.0000,0.0000,0.0000,0.0000,9.9294,31.4800,0.0000,12.7500,1642.5687,299.62,0.00,16.8672,0.00,1925.3215
30,BRPL,37DSBRPL2023/09/22,0.0000,0.0000,0.0000,0.0000,0.0000,0.0000,0.0000,0.0000,117.3000,0.0000,0.0000,75.2589,0.0000,0.0000,0.0000,0.0000,32.3200,9.4200,39.4400,0.0000,75.0000,0.0000,0.0000,0.0000,0.0000,0.0000,1.8400,0.0000,0.0000,0.0000,0.0000,0.0000,491.6900,0.0000,0.0000,7.6500,61.2000,49.7900,70.3300,48.3600,19.4800,8.1800,17.8700,11.1200,17.9100,57.9200,0.0000,0.0000,0.0000,0.0000,0.0000,32.6900,5.9100,0.0000,0.0000,25.4300,0.0000,0.0000,0.0000,21.3900,8.6700,0.0000,0.0000,0.0000,20.4800,4.5400,17.7700,7.8700,4.0800,11.5200,13.8400,0.0000,54.0800,4.2600,2.7400,0.0000,0.0000,0.0000,0.0000,0.0000,0.0000,0.0000,7.2000,42.9999,0.0000,0.0000,0.0000,0.0000,0.0000,0.0000,33.2600,0.0000,0.0000,21.6800,0.0000,18.0700,0.0000,0.0000,0.0000,0.0000,0.0000,0.0000,0.0000,0.0000,0.0000,0.0000,0.0000,0.0000,0.0000,0.0000,0.0000,0.0000,0.0000,0.0000,0.0000,10.0400,17.5800,0.0000,0.0000,0.0000,0.0000,0.0000,0.0000,0.0000,0.0000,0.0000,0.0000,0.0000,0.0000,0.0000,0.0000,0.0000,0.0000,0.0000,0.0000,0.0000,0.0000,0.0000,0.0000,0.0000,0.0000,0.0000,0.0000,0.0000,0.0000,0.0000,9.9294,31.4800,0.0000,21.6000,1661.1882,269.14,0.00,17.0647,0.00,1913.2635
31,BRPL,37DSBRPL2023/09/22,0.0000,0.0000,0.0000,0.0000,0.0000,0.0000,0.0000,0.0000,117.3000,0.0000,0.0000,75.2589,0.0000,0.0000,0.0000,0.0000,32.3200,9.3300,39.4400,0.0000,79.0524,0.0000,0.0000,0.0000,0.0000,0.0000,2.7200,0.0000,0.0000,0.0000,0.0000,0.0000,491.6900,0.0000,0.0000,7.6500,61.2000,49.7900,70.3300,48.3600,19.4800,8.1800,17.8700,11.1200,17.9100,57.9200,0.0000,0.0000,0.0000,0.0000,0.0000,20.1200,5.9100,0.0000,0.0000,25.4300,0.0000,0.0000,0.0000,21.3900,7.4400,0.0000,0.0000,0.0000,3.7200,4.2500,17.7700,7.8700,4.0800,11.5200,13.8400,0.0000,49.9100,4.2600,2.7500,0.0000,0.0000,0.0000,0.0000,0.0000,0.0000,0.0000,7.2000,45.4998,0.0000,0.0000,0.0000,0.0000,0.0000,0.0000,33.2800,0.0000,0.0000,41.6800,0.0000,19.2200,0.0000,0.0000,0.0000,0.0000,0.0000,0.0000,0.0000,0.0000,0.0000,0.0000,0.0000,0.0000,0.0000,0.0000,0.0000,0.0000,0.0000,0.0000,0.0000,9.9900,17.5900,0.0000,0.0000,0.0000,0.0000,0.0000,0.0000,0.0000,0.0000,0.0000,0.0000,0.0000,0.0000,0.0000,0.0000,0.0000,0.0000,0.0000,0.0000,0.0000,0.0000,0.0000,0.0000,0.0000,0.0000,0.0000,0.0000,0.0000,0.0000,0.0000,9.9294,31.4800,0.0000,46.0000,1679.0505,287.14,0.00,17.0337,0.00,1949.1568
32,BRPL,37DSBRPL2023/09/22,0.0000,0.0000,0.0000,0.0000,0.0000,0.0000,0.0000,0.0000,117.3000,0.0000,0.0000,75.2589,0.0000,0.0000,0.0000,0.0000,32.3200,3.0000,39.4400,0.0000,79.0524,0.0000,0.0000,0.0000,0.0000,0.0000,3.7100,0.0000,0.0000,0.0000,0.0000,0.0000,491.6900,0.0000,0.0000,7.6500,61.2000,49.7900,70.3300,48.3600,19.4800,3.8500,17.8700,3.8600,17.9100,57.9200,0.0000,0.0000,0.0000,0.0000,0.0000,10.0600,5.9100,0.0000,0.0000,25.4300,0.0000,0.0000,0.0000,21.3900,7.4400,0.0000,0.0000,0.0000,3.7200,4.2500,17.7700,7.8700,4.0800,11.5200,13.8400,0.0000,49.9100,4.2600,2.7500,0.0000,0.0000,0.0000,0.0000,0.0000,0.0000,0.0000,6.0000,46.0000,0.0000,0.0000,0.0000,0.0000,0.0000,0.0000,26.4300,0.0000,0.0000,57.7300,0.0000,25.5700,0.0000,0.0000,0.0000,0.0000,0.0000,0.0000,0.0000,0.0000,0.0000,0.0000,0.0000,0.0000,0.0000,0.0000,0.0000,0.0000,0.0000,0.0000,0.0000,9.8200,20.4700,0.0000,0.0000,0.0000,0.0000,0.0000,0.0000,0.0000,0.0000,0.0000,0.0000,0.0000,0.0000,0.0000,0.0000,0.0000,0.0000,0.0000,0.0000,0.0000,0.0000,0.0000,0.0000,0.0000,0.0000,0.0000,0.0000,0.0000,0.0000,0.0000,9.9294,29.5600,0.0000,56.0000,1677.7007,287.14,0.00,17.0087,0.00,1947.8320
33,BRPL,37DSBRPL2023/09/22,0.0000,0.0000,0.0000,0.0000,0.0000,0.0000,0.0000,0.0000,117.3000,0.0000,0.0000,75.2589,0.0000,0.0000,0.0000,0.0000,32.3200,3.6400,39.4400,0.0000,83.7565,0.0000,0.0000,0.0000,0.0000,0.0000,4.7600,0.0000,0.0000,0.0000,0.0000,0.0000,423.2200,0.0000,0.0000,7.6500,61.2000,49.7900,70.3300,48.0400,19.4800,4.6800,18.6200,4.0000,18.4200,57.9200,0.0000,0.5300,1.1600,1.6900,0.0000,0.0000,5.9100,0.0000,0.0000,25.4300,0.0000,0.0000,0.0000,21.3900,7.4400,0.0000,0.0000,0.0000,3.7200,4.2500,17.7500,7.8700,4.0800,11.5200,13.8400,0.0000,49.9100,4.2600,2.7500,0.0000,0.0000,0.0000,0.0000,0.0000,0.0000,0.0000,6.0000,47.4998,0.0000,0.0000,0.0000,0.0000,0.0000,0.0000,26.4300,0.0000,0.0000,74.6300,0.0000,28.3300,0.0000,0.0000,0.0000,0.0000,0.0000,0.0000,0.0000,0.0000,0.0000,0.0000,0.0000,0.0000,0.0000,0.0000,0.0000,0.0000,0.0000,0.0000,0.0000,12.9900,20.8100,0.0000,0.0000,0.0000,0.0000,0.0000,0.0000,0.0000,0.0000,0.0000,0.0000,0.0000,0.0000,0.0000,0.0000,0.0000,0.0000,0.0000,0.0000,0.0000,0.0000,0.0000,0.0000,0.0000,0.0000,0.0000,0.0000,0.0000,0.0000,0.0000,9.9294,29.5600,0.0000,67.0000,1646.5046,330.32,0.00,17.0918,0.00,1959.7328
34,BRPL,37DSBRPL2023/09/22,0.0000,0.0000,0.0000,0.0000,0.0000,0.0000,0.0000,0.0000,117.3000,0.0000,0.0000,75.2589,0.0000,0.0000,0.0000,0.0000,32.3200,2.9300,39.4400,0.0000,83.7565,0.0000,0.0000,0.0000,0.0000,0.0000,5.8300,0.0000,0.0000,0.0000,0.0000,0.0000,401.1500,0.0000,0.0000,7.6500,61.2000,49.7900,70.3300,48.0400,19.4800,4.6800,17.8700,4.0000,18.4200,57.9200,0.0000,0.0000,0.0000,0.0000,0.0000,0.0000,5.9100,0.0000,0.0000,25.4300,0.0000,0.0000,0.0000,21.3900,7.4400,0.0000,0.0000,0.0000,3.7200,4.2500,16.6500,7.8700,4.0800,11.5200,13.8400,0.0000,49.9100,4.2600,2.7500,0.0000,0.0000,0.0000,0.0000,0.0000,0.0000,0.0000,6.0000,47.5002,0.0000,0.0000,0.0000,0.0000,0.0000,0.0000,26.4000,0.0000,0.0000,94.5500,0.0000,35.0500,0.0000,0.0000,0.0000,0.0000,0.0000,0.0000,0.0000,0.0000,0.0000,0.0000,0.0000,0.0000,0.0000,0.0000,0.0000,0.0000,0.0000,0.0000,0.0000,13.1700,21.1200,0.0000,0.0000,0.0000,0.0000,0.0000,0.0000,0.0000,0.0000,0.0000,0.0000,0.0000,0.0000,0.0000,0.0000,0.0000,0.0000,0.0000,0.0000,0.0000,0.0000,0.0000,0.0000,0.0000,0.0000,0.0000,0.0000,0.0000,0.0000,0.0000,9.9294,29.5600,0.0000,81.0000,1660.6650,347.61,0.00,17.3591,0.00,1990.9159
35,BRPL,37DSBRPL2023/09/22,0.0000,0.0000,0.0000,0.0000,0.0000,0.0000,0.0000,0.0000,117.3000,0.0000,0.0000,75.2589,0.0000,0.0000,0.0000,0.0000,32.3200,2.8800,39.4400,0.0000,83.7565,0.0000,0.0000,0.0000,0.0000,0.0000,6.8700,0.0000,0.0000,0.0000,0.0000,0.0000,384.8400,0.0000,0.0000,7.6500,61.2000,49.7900,70.3300,47.7200,19.5500,3.9100,17.8700,4.0000,18.4200,57.9200,0.0000,0.0000,0.0000,0.0000,0.0000,0.0000,5.9100,0.0000,0.0000,25.4300,0.0000,0.0000,0.0000,21.3900,7.4400,0.0000,0.0000,0.0000,3.7200,4.5400,11.3200,7.8700,4.0800,11.5200,13.8400,0.0000,49.9100,4.2600,2.7500,0.0000,0.0000,0.0000,0.0000,0.0000,0.0000,0.0000,6.0000,47.5002,0.0000,0.0000,0.0000,0.0000,0.0000,0.0000,26.4400,0.0000,0.0000,115.4600,0.0000,40.8200,0.0000,0.0000,0.0000,0.0000,0.0000,0.0000,0.0000,0.0000,0.0000,0.0000,0.0000,0.0000,0.0000,0.0000,0.0000,0.0000,0.0000,0.0000,0.0000,13.5100,21.2800,0.0000,0.0000,0.0000,0.0000,0.0000,0.0000,0.0000,0.0000,0.0000,0.0000,0.0000,0.0000,0.0000,0.0000,0.0000,0.0000,0.0000,0.0000,0.0000,0.0000,0.0000,0.0000,0.0000,0.0000,0.0000,0.0000,0.0000,0.0000,0.0000,9.9294,29.5000,0.0000,95.0000,1680.4450,337.10,0.00,17.4315,0.00,2000.1135
36,BRPL,37DSBRPL2023/09/22,0.0000,0.0000,0.0000,0.0000,0.0000,0.0000,0.0000,0.0000,117.3000,0.0000,0.0000,75.2589,0.0000,0.0000,0.0000,0.0000,32.3200,2.8800,39.4400,0.0000,83.7565,0.0000,0.0000,0.0000,0.0000,0.0000,7.9000,0.0000,0.0000,0.0000,0.0000,0.0000,365.6400,0.0000,0.0000,7.6500,61.2000,49.7900,70.3300,47.7200,19.5500,3.9100,17.8700,4.0000,18.4200,57.9200,0.0000,0.0000,0.0000,0.0000,0.0000,0.0000,5.9100,0.0000,0.0000,25.4300,0.0000,0.0000,0.0000,21.3900,7.4400,0.0000,0.0000,0.0000,3.7200,4.5400,11.3200,7.8700,4.0800,11.5200,13.8400,0.0000,49.9100,4.2600,2.7500,0.0000,0.0000,0.0000,0.0000,0.0000,0.0000,0.0000,6.0000,47.5002,0.0000,0.0000,0.0000,0.0000,0.0000,0.0000,26.5500,0.0000,0.0000,134.5300,0.0000,43.1500,0.0000,0.0000,0.0000,0.0000,0.0000,0.0000,0.0000,0.0000,0.0000,0.0000,0.0000,0.0000,0.0000,0.0000,0.0000,0.0000,0.0000,0.0000,0.0000,13.6600,21.3000,0.0000,0.0000,0.0000,0.0000,0.0000,0.0000,0.0000,0.0000,0.0000,0.0000,0.0000,0.0000,0.0000,0.0000,0.0000,0.0000,0.0000,0.0000,0.0000,0.0000,0.0000,0.0000,0.0000,0.0000,0.0000,0.0000,0.0000,0.0000,0.0000,9.9294,29.5000,0.0000,109.0000,1697.9550,353.42,0.00,17.7202,0.00,2033.6548
37,BRPL,37DSBRPL2023/09/22,0.0000,0.0000,0.0000,0.0000,0.0000,0.0000,0.0000,0.0000,117.3000,0.0000,0.0000,75.2589,0.0000,0.0000,0.0000,0.0000,32.3200,2.9300,39.4400,0.0000,83.7565,0.0000,0.0000,0.0000,0.0000,0.0000,8.8600,0.0000,0.0000,0.0000,0.0000,0.0000,362.7600,0.0000,0.0000,7.6500,61.2000,49.7900,70.3300,47.7200,19.5500,3.9100,17.8700,4.0000,18.4200,57.9200,0.0000,0.0000,0.0000,0.0000,0.0000,0.0000,5.9100,0.0000,0.0000,25.4300,0.0000,0.0000,0.0000,21.3900,7.4400,0.0000,0.0000,0.0000,20.4800,4.5400,11.3200,7.8700,4.0800,11.5200,13.8400,0.0000,49.9100,4.2600,2.7500,0.0000,0.0000,0.0000,0.0000,0.0000,0.0000,0.0000,6.0000,47.4999,0.0000,0.0000,0.0000,0.0000,0.0000,0.0000,27.0900,0.0000,0.0000,152.6600,0.0000,50.2700,0.0000,0.0000,0.0000,0.0000,0.0000,0.0000,0.0000,0.0000,0.0000,0.0000,0.0000,0.0000,0.0000,0.0000,0.0000,0.0000,0.0000,0.0000,0.0000,13.6600,20.7300,0.0000,0.0000,0.0000,0.0000,0.0000,0.0000,0.0000,0.0000,0.0000,0.0000,0.0000,0.0000,0.0000,0.0000,0.0000,0.0000,0.0000,0.0000,0.0000,0.0000,0.0000,0.0000,0.0000,0.0000,0.0000,0.0000,0.0000,0.0000,0.0000,9.9294,29.4500,0.0000,120.0000,1749.0147,335.23,0.00,18.0010,0.00,2066.2437
38,BRPL,37DSBRPL2023/09/22,0.0000,0.0000,0.0000,0.0000,0.0000,0.0000,0.0000,0.0000,117.3000,0.0000,0.0000,75.2589,0.0000,0.0000,0.0000,0.0000,32.3200,2.8800,39.4400,0.0000,83.7565,0.0000,0.0000,0.0000,0.0000,0.0000,9.7600,0.0000,0.0000,0.0000,0.0000,0.0000,378.4800,0.0000,0.0000,7.6500,61.2000,49.7900,70.3300,47.7200,19.5500,3.9100,17.8700,4.0000,18.4200,57.9200,0.0000,0.0000,0.0000,0.0000,0.0000,0.0000,5.9100,0.0000,0.0000,25.4300,0.0000,0.0000,0.0000,21.3900,7.4400,0.0000,0.0000,0.0000,20.4800,4.5400,5.8900,7.8700,4.0800,11.5200,13.8400,0.0000,49.9100,4.2600,2.7500,0.0000,0.0000,0.0000,0.0000,0.0000,0.0000,0.0000,6.0000,47.4999,0.0000,0.0000,0.0000,0.0000,0.0000,0.0000,30.1200,0.0000,0.0000,171.2700,0.0000,63.6900,0.0000,0.0000,0.0000,0.0000,0.0000,0.0000,0.0000,0.0000,0.0000,0.0000,0.0000,0.0000,0.0000,0.0000,0.0000,0.0000,0.0000,0.0000,0.0000,10.7800,21.5600,0.0000,0.0000,0.0000,0.0000,0.0000,0.0000,0.0000,0.0000,0.0000,0.0000,0.0000,0.0000,0.0000,0.0000,0.0000,0.0000,0.0000,0.0000,0.0000,0.0000,0.0000,0.0000,0.0000,0.0000,0.0000,0.0000,0.0000,0.0000,0.0000,9.9294,29.4500,0.0000,133.0000,1806.1647,338.11,0.00,18.5213,0.00,2125.7534
39,BRPL,37DSBRPL2023/09/22,0.0000,0.0000,0.0000,0.0000,0.0000,0.0000,0.0000,0.0000,117.3000,0.0000,0.0000,75.2589,0.0000,0.0000,0.0000,0.0000,32.3200,2.8800,39.4400,0.0000,83.7565,0.0000,0.0000,0.0000,0.0000,0.0000,10.5800,0.0000,0.0000,0.0000,0.0000,0.0000,411.7100,0.0000,0.0000,7.6500,61.2000,49.7900,70.3300,47.7200,19.5500,3.9100,17.8700,4.0000,18.4200,57.9200,0.0000,0.0000,0.0000,0.0000,0.0000,0.0000,5.9100,0.0000,0.0000,25.4300,0.0000,0.0000,0.0000,21.3900,7.4400,0.0000,0.0000,0.0000,3.7200,13.6100,5.8900,7.8700,4.0800,11.5200,13.8400,0.0000,45.7600,4.2600,2.7500,0.0000,0.0000,0.0000,0.0000,0.0000,0.0000,0.0000,6.0000,47.4999,0.0000,0.0000,0.0000,0.0000,0.0000,0.0000,30.8800,0.0000,0.0000,187.7800,0.0000,69.8300,0.0000,0.0000,0.0000,0.0000,0.0000,0.0000,0.0000,0.0000,0.0000,0.0000,0.0000,0.0000,0.0000,0.0000,0.0000,0.0000,0.0000,0.0000,0.0000,10.5800,21.6000,0.0000,0.0000,0.0000,0.0000,0.0000,0.0000,0.0000,0.0000,0.0000,0.0000,0.0000,0.0000,0.0000,0.0000,0.0000,0.0000,0.0000,0.0000,0.0000,0.0000,0.0000,0.0000,0.0000,0.0000,0.0000,0.0000,0.0000,0.0000,0.0000,9.9294,29.4500,0.0000,144.0000,1862.6247,327.56,0.00,18.9181,0.00,2171.2666
40,BRPL,37DSBRPL2023/09/22,0.0000,0.0000,0.0000,0.0000,0.0000,0.0000,0.0000,0.0000,117.3000,0.0000,0.0000,75.2589,0.0000,0.0000,0.0000,0.0000,32.3200,2.8800,39.4400,0.0000,83.7565,0.0000,0.0000,0.0000,0.0000,0.0000,11.3000,0.0000,0.0000,0.0000,0.0000,0.0000,428.9800,0.0000,0.0000,7.6500,61.2000,49.7900,70.3300,47.7200,19.5500,3.9100,17.8700,4.0000,18.4200,57.9200,0.0000,0.0000,0.0000,0.0000,0.0000,0.0000,5.9100,0.0000,0.0000,25.4300,0.0000,0.0000,0.0000,21.3900,7.4400,0.0000,0.0000,0.0000,3.7200,13.6100,0.0000,7.8700,4.0800,11.5200,13.8400,0.0000,45.7600,4.2600,2.7500,0.0000,0.0000,0.0000,0.0000,0.0000,0.0000,0.0000,6.0000,47.4999,0.0000,0.0000,0.0000,0.0000,0.0000,0.0000,31.8200,0.0000,0.0000,202.7400,0.0000,75.2300,0.0000,0.0000,0.0000,0.0000,0.0000,0.0000,0.0000,0.0000,0.0000,0.0000,0.0000,0.0000,0.0000,0.0000,0.0000,0.0000,0.0000,0.0000,0.0000,10.6500,21.5000,0.0000,0.0000,0.0000,0.0000,0.0000,0.0000,0.0000,0.0000,0.0000,0.0000,0.0000,0.0000,0.0000,0.0000,0.0000,0.0000,0.0000,0.0000,0.0000,0.0000,0.0000,0.0000,0.0000,0.0000,0.0000,0.0000,0.0000,0.0000,0.0000,9.9294,29.4100,0.0000,154.0000,1905.9547,329.52,0.00,19.3103,0.00,2216.1644
41,BRPL,37DSBRPL2023/09/22,0.0000,0.0000,0.0000,0.0000,0.0000,0.0000,0.0000,0.0000,117.3000,0.0000,0.0000,75.2589,0.0000,0.0000,0.0000,0.0000,32.3200,2.8800,39.4400,0.0000,83.7565,0.0000,0.0000,0.0000,0.0000,0.0000,12.6800,0.0000,0.0000,0.0000,0.0000,0.0000,440.5000,0.0000,0.0000,7.6500,61.2000,49.7900,70.3300,47.7200,19.5500,3.8400,17.8700,3.8400,18.4200,57.9200,0.0000,0.0000,0.0000,0.0000,0.0000,0.0000,5.9100,0.0000,0.0000,25.4300,0.0000,0.0000,0.0000,21.3900,7.4400,0.0000,0.0000,0.0000,4.6600,13.6100,0.0000,7.8700,4.0800,11.5200,13.8400,0.0000,45.7600,4.2600,2.7500,0.0000,0.0000,0.0000,0.0000,0.0000,0.0000,0.0000,4.5000,47.4999,0.0000,0.0000,0.0000,0.0000,0.0000,0.0000,32.2100,0.0000,0.0000,216.2800,0.0000,80.2300,0.0000,0.0000,0.0000,0.0000,0.0000,0.0000,0.0000,0.0000,0.0000,0.0000,0.0000,0.0000,0.0000,0.0000,0.0000,0.0000,0.0000,0.0000,0.0000,10.5500,21.3500,0.0000,0.0000,0.0000,0.0000,0.0000,0.0000,0.0000,0.0000,0.0000,0.0000,0.0000,0.0000,0.0000,0.0000,0.0000,0.0000,0.0000,0.0000,0.0000,0.0000,0.0000,0.0000,0.0000,0.0000,0.0000,0.0000,0.0000,0.0000,0.0000,9.9294,29.4100,0.0000,165.0000,1947.7447,323.76,0.00,19.6152,0.00,2251.8895
42,BRPL,37DSBRPL2023/09/22,0.0000,0.0000,0.0000,0.0000,0.0000,0.0000,0.0000,0.0000,117.3000,0.0000,0.0000,75.2589,0.0000,0.0000,0.0000,0.0000,32.3200,2.8800,39.4400,0.0000,83.7565,0.0000,0.0000,0.0000,0.0000,0.0000,13.3400,0.0000,0.0000,0.0000,0.0000,0.0000,449.1400,0.0000,0.0000,7.6500,61.2000,49.7900,70.3300,47.7200,19.5500,3.8400,17.8700,3.8400,18.4200,57.9200,0.0000,0.0000,0.0000,0.0000,0.0000,0.0000,5.9100,0.0000,0.0000,25.4300,0.0000,0.0000,0.0000,21.3900,7.4400,0.0000,0.0000,0.0000,4.6600,13.6100,0.0000,7.8700,4.0800,11.5200,13.8400,0.0000,45.7600,4.2600,2.7500,0.0000,0.0000,0.0000,0.0000,0.0000,0.0000,0.0000,4.5000,47.4999,0.0000,0.0000,0.0000,0.0000,0.0000,0.0000,32.7700,0.0000,0.0000,227.3800,0.0000,84.5900,0.0000,0.0000,0.0000,0.0000,0.0000,0.0000,0.0000,0.0000,0.0000,0.0000,0.0000,0.0000,0.0000,0.0000,0.0000,0.0000,0.0000,0.0000,0.0000,10.9800,21.1500,0.0000,0.0000,0.0000,0.0000,0.0000,0.0000,0.0000,0.0000,0.0000,0.0000,0.0000,0.0000,0.0000,0.0000,0.0000,0.0000,0.0000,0.0000,0.0000,0.0000,0.0000,0.0000,0.0000,0.0000,0.0000,0.0000,0.0000,0.0000,0.0000,9.9294,29.4100,0.0000,172.0000,1980.2947,324.71,0.00,19.9042,0.00,2285.1005
43,BRPL,37DSBRPL2023/09/22,0.0000,0.0000,0.0000,0.0000,0.0000,0.0000,0.0000,0.0000,117.3000,0.0000,0.0000,75.2589,0.0000,0.0000,0.0000,0.0000,32.3200,2.8800,43.9100,0.0000,83.7565,0.0000,0.0000,0.0000,0.0000,0.0000,13.6400,0.0000,0.0000,0.0000,0.0000,0.0000,429.9400,0.0000,0.0000,7.6500,61.2000,49.7900,70.3300,48.0200,19.5500,3.8400,17.8700,3.8400,18.4200,57.9200,0.0000,0.0000,0.0000,0.0000,0.0000,0.0000,5.9100,0.0000,0.0000,25.4300,0.0000,0.0000,0.0000,21.3900,7.4400,0.0000,0.0000,0.0000,3.7200,5.6700,0.0000,7.8700,4.0800,11.5200,13.8400,0.0000,45.7600,4.2600,2.7500,0.0000,0.0000,0.0000,0.0000,0.0000,0.0000,0.0000,4.5000,47.4999,0.0000,0.0000,0.0000,0.0000,0.0000,0.0000,38.2100,0.0000,0.0000,229.1700,0.0000,86.4900,0.0000,0.0000,0.0000,0.0000,0.0000,0.0000,0.0000,0.0000,0.0000,0.0000,0.0000,0.0000,0.0000,0.0000,0.0000,0.0000,0.0000,0.0000,0.0000,14.8700,32.8400,0.0000,0.0000,0.0000,0.0000,0.0000,0.0000,0.0000,0.0000,0.0000,0.0000,0.0000,0.0000,0.0000,0.0000,0.0000,0.0000,0.0000,0.0000,0.0000,0.0000,0.0000,0.0000,0.0000,0.0000,0.0000,0.0000,0.0000,0.0000,0.0000,9.9294,29.4100,0.0000,179.0000,1988.9947,409.17,0.00,20.7214,0.00,2377.4433
44,BRPL,37DSBRPL2023/09/22,0.0000,0.0000,0.0000,0.0000,0.0000,0.0000,0.0000,0.0000,117.3000,0.0000,0.0000,75.1715,0.0000,0.0000,0.0000,0.0000,32.3200,2.8800,43.9100,0.0000,83.7565,0.0000,0.0000,0.0000,0.0000,0.0000,13.9300,0.0000,0.0000,0.0000,0.0000,0.0000,439.5400,0.0000,0.0000,7.6500,61.2000,49.7900,70.3300,48.0400,19.5500,3.8400,17.8700,3.8400,18.4200,57.9200,0.0000,0.0000,0.0000,0.0000,0.0000,0.0000,5.9100,0.0000,0.0000,25.4300,0.0000,0.0000,0.0000,21.3900,7.4400,0.0000,0.0000,0.0000,3.7200,4.5400,0.0000,7.8700,4.0800,11.5200,13.8400,0.0000,45.7600,4.2600,2.7500,0.0000,0.0000,0.0000,0.0000,0.0000,0.0000,0.0000,4.5000,47.4996,0.0000,0.0000,0.0000,0.0000,0.0000,0.0000,38.7400,0.0000,0.0000,229.1700,0.0000,88.5700,0.0000,0.0000,0.0000,0.0000,0.0000,0.0000,0.0000,0.0000,0.0000,0.0000,0.0000,0.0000,0.0000,0.0000,0.0000,0.0000,0.0000,0.0000,0.0000,14.9600,33.5100,0.0000,0.0000,0.0000,0.0000,0.0000,0.0000,0.0000,0.0000,0.0000,0.0000,0.0000,0.0000,0.0000,0.0000,0.0000,0.0000,0.0000,0.0000,0.0000,0.0000,0.0000,0.0000,0.0000,0.0000,0.0000,0.0000,0.0000,0.0000,0.0000,9.9294,29.4100,0.0000,186.0000,2008.0570,415.88,0.00,20.9456,0.00,2402.9914
45,BRPL,37DSBRPL2023/09/22,0.0000,0.0000,0.0000,0.0000,0.0000,0.0000,0.0000,0.0000,117.3000,0.0000,0.0000,75.2589,0.0000,0.0000,0.0000,0.0000,32.3200,2.8800,43.9100,0.0000,83.7565,0.0000,0.0000,0.0000,0.0000,0.0000,14.2300,0.0000,0.0000,0.0000,0.0000,0.0000,467.3700,0.0000,0.0000,7.6500,61.2000,49.7900,70.3300,48.4700,19.5500,3.1600,17.8700,2.9500,18.4200,57.9200,0.0000,0.0000,0.0000,0.0000,0.0000,0.0000,5.9100,0.0000,0.0000,25.4300,0.0000,0.0000,0.0000,21.3900,7.4400,0.0000,0.0000,0.0000,6.9800,4.5400,0.0000,7.8700,4.0800,11.5200,13.8400,0.0000,45.7600,4.2600,2.7500,0.0000,0.0000,0.0000,0.0000,0.0000,0.0000,0.0000,4.5000,47.4996,0.0000,0.0000,0.0000,0.0000,0.0000,0.0000,39.5100,0.0000,0.0000,229.1700,0.0000,89.4500,0.0000,0.0000,0.0000,0.0000,0.0000,0.0000,0.0000,0.0000,0.0000,0.0000,0.0000,0.0000,0.0000,0.0000,0.0000,0.0000,0.0000,0.0000,0.0000,15.0000,34.1700,0.0000,0.0000,0.0000,0.0000,0.0000,0.0000,0.0000,0.0000,0.0000,0.0000,0.0000,0.0000,0.0000,0.0000,0.0000,0.0000,0.0000,0.0000,0.0000,0.0000,0.0000,0.0000,0.0000,0.0000,0.0000,0.0000,0.0000,0.0000,0.0000,9.9294,27.3400,0.0000,189.0000,2041.6744,395.88,0.00,21.0628,0.00,2416.4916
46,BRPL,37DSBRPL2023/09/22,0.0000,0.0000,0.0000,0.0000,0.0000,0.0000,0.0000,0.0000,117.3000,0.0000,0.0000,75.2589,0.0000,0.0000,0.0000,0.0000,32.3200,2.8800,43.9100,0.0000,83.7565,0.0000,0.0000,0.0000,0.0000,0.0000,14.4300,0.0000,0.0000,0.0000,0.0000,0.0000,467.3700,0.0000,0.0000,7.6500,61.2000,49.7900,70.3300,48.5200,19.5500,3.1600,17.8700,2.9500,18.4200,57.9200,0.0000,0.0000,0.0000,0.0000,0.0000,0.0000,5.9100,0.0000,0.0000,25.4300,0.0000,0.0000,0.0000,21.3900,7.4400,0.0000,0.0000,0.0000,6.9800,4.5400,0.0000,7.8700,4.0800,11.5200,13.8400,0.0000,45.7600,4.2600,2.7500,0.0000,0.0000,0.0000,0.0000,0.0000,0.0000,0.0000,4.5000,47.4996,0.0000,0.0000,0.0000,0.0000,0.0000,0.0000,40.4900,0.0000,0.0000,229.1700,0.0000,91.1300,0.0000,0.0000,0.0000,0.0000,0.0000,0.0000,0.0000,0.0000,0.0000,0.0000,0.0000,0.0000,0.0000,0.0000,0.0000,0.0000,0.0000,0.0000,0.0000,15.1100,35.1700,0.0000,0.0000,0.0000,0.0000,0.0000,0.0000,0.0000,0.0000,0.0000,0.0000,0.0000,0.0000,0.0000,0.0000,0.0000,0.0000,0.0000,0.0000,0.0000,0.0000,0.0000,0.0000,0.0000,0.0000,0.0000,0.0000,0.0000,0.0000,0.0000,9.9294,27.3400,0.0000,189.0000,2045.6944,410.28,0.00,21.2232,0.00,2434.7512
47,BRPL,37DSBRPL2023/09/22,0.0000,0.0000,0.0000,0.0000,0.0000,0.0000,0.0000,0.0000,117.3000,0.0000,0.0000,75.2589,0.0000,0.0000,0.0000,0.0000,32.3200,2.8800,43.9100,0.0000,83.7565,0.0000,0.0000,0.0000,0.0000,0.0000,14.4900,0.0000,0.0000,0.0000,0.0000,0.0000,480.8100,0.0000,0.0000,7.6500,61.2000,49.7900,70.3300,48.9500,19.4800,3.9200,17.8700,4.2700,18.4200,57.9200,0.0000,0.0000,0.0000,0.0000,0.0000,0.0000,5.9100,0.0000,0.0000,25.4300,0.0000,0.0000,0.0000,21.3900,7.4400,0.0000,0.0000,0.0000,20.4800,4.5400,0.0000,7.8700,4.0800,11.5200,13.8400,0.0000,45.7600,4.2600,2.7500,0.0000,0.0000,0.0000,0.0000,0.0000,0.0000,0.0000,4.5000,47.4996,0.0000,0.0000,0.0000,0.0000,0.0000,0.0000,41.4200,0.0000,0.0000,229.1700,0.0000,91.3300,0.0000,0.0000,0.0000,0.0000,0.0000,0.0000,0.0000,0.0000,0.0000,0.0000,0.0000,0.0000,0.0000,0.0000,0.0000,0.0000,0.0000,0.0000,0.0000,15.2900,35.8400,0.0000,0.0000,0.0000,0.0000,0.0000,0.0000,0.0000,0.0000,0.0000,0.0000,0.0000,0.0000,0.0000,0.0000,0.0000,0.0000,0.0000,0.0000,0.0000,0.0000,0.0000,0.0000,0.0000,0.0000,0.0000,0.0000,0.0000,0.0000,0.0000,9.9294,27.3400,0.0000,189.0000,2077.1144,345.03,0.00,20.9249,0.00,2401.2195
48,BRPL,37DSBRPL2023/09/22,0.0000,0.0000,0.0000,0.0000,0.0000,0.0000,0.0000,0.0000,117.3000,0.0000,0.0000,75.2589,0.0000,0.0000,0.0000,0.0000,32.3200,2.8800,43.9100,0.0000,83.7565,0.0000,0.0000,0.0000,0.0000,0.0000,14.5800,0.0000,0.0000,0.0000,0.0000,0.0000,491.6900,0.0000,0.0000,7.6500,61.2000,49.7900,70.3300,49.0000,19.4800,3.9200,17.8700,4.2700,18.4200,57.9200,0.0000,0.0000,0.0000,0.0000,0.0000,0.0000,5.9100,0.0000,0.0000,25.4300,0.0000,0.0000,0.0000,21.3900,7.4400,0.0000,0.0000,0.0000,20.4800,4.5400,0.0000,11.0700,4.0800,11.5200,13.8400,0.0000,45.7600,4.2600,2.7500,0.0000,0.0000,0.0000,0.0000,0.0000,0.0000,0.0000,4.5000,47.4996,0.0000,0.0000,0.0000,0.0000,0.0000,0.0000,42.3300,0.0000,0.0000,229.1700,0.0000,91.3200,0.0000,0.0000,0.0000,0.0000,0.0000,0.0000,0.0000,0.0000,0.0000,0.0000,0.0000,0.0000,0.0000,0.0000,0.0000,0.0000,0.0000,0.0000,0.0000,15.5300,36.5100,0.0000,0.0000,0.0000,0.0000,0.0000,0.0000,0.0000,0.0000,0.0000,0.0000,0.0000,0.0000,0.0000,0.0000,0.0000,0.0000,0.0000,0.0000,0.0000,0.0000,0.0000,0.0000,0.0000,0.0000,0.0000,0.0000,0.0000,0.0000,0.0000,9.9294,27.3400,0.0000,181.0000,2085.1444,341.18,0.00,20.9609,0.00,2405.3635
49,BRPL,37DSBRPL2023/09/22,0.0000,0.0000,0.0000,0.0000,0.0000,0.0000,0.0000,0.0000,117.3000,0.0000,0.0000,75.2589,0.0000,0.0000,0.0000,0.0000,32.3400,9.0400,43.9100,0.0000,83.7565,0.0000,0.0000,0.0000,0.0000,0.0000,14.5900,0.0000,0.0000,0.0000,0.0000,0.0000,491.6900,0.0000,0.0000,7.6500,61.2000,49.7900,70.3300,49.0000,19.4800,8.1800,17.8700,11.1200,18.4200,57.9200,0.0000,0.0000,0.0000,0.0000,0.0000,0.0000,5.9100,0.0000,0.0000,25.4300,0.0000,0.0000,0.0000,21.3900,7.4400,0.0000,0.0000,0.0000,4.6600,4.5400,0.0000,11.0700,4.0800,11.5200,13.8400,0.0000,45.7600,4.2600,2.7500,0.0000,0.0000,0.0000,0.0000,0.0000,0.0000,0.0000,4.5000,47.4996,0.0000,0.0000,0.0000,0.0000,0.0000,0.0000,31.5000,0.0000,0.0000,229.1700,0.0000,91.3300,0.0000,0.0000,0.0000,0.0000,0.0000,0.0000,0.0000,0.0000,0.0000,0.0000,0.0000,0.0000,0.0000,0.0000,0.0000,0.0000,0.0000,0.0000,0.0000,15.7300,36.8500,0.0000,0.0000,0.0000,0.0000,0.0000,0.0000,0.0000,0.0000,0.0000,0.0000,0.0000,0.0000,0.0000,0.0000,0.0000,0.0000,0.0000,0.0000,0.0000,0.0000,0.0000,0.0000,0.0000,0.0000,0.0000,0.0000,0.0000,0.0000,0.0000,9.9294,27.3400,0.0000,181.0000,2076.3444,328.72,0.00,20.7738,0.00,2384.2906
50,BRPL,37DSBRPL2023/09/22,0.0000,0.0000,0.0000,0.0000,0.0000,0.0000,0.0000,0.0000,117.3000,0.0000,0.0000,75.2589,0.0000,0.0000,0.0000,0.0000,32.3400,9.0400,43.9100,0.0000,83.7565,0.0000,0.0000,0.0000,0.0000,0.0000,14.5300,0.0000,0.0000,0.0000,0.0000,0.0000,491.6900,0.0000,0.0000,7.6500,61.2000,49.7900,70.3300,49.0000,19.4800,8.1800,17.8700,11.1200,18.4200,57.9200,0.0000,0.0000,0.0000,0.0000,0.0000,0.0000,5.9100,0.0000,0.0000,25.4300,0.0000,0.0000,0.0000,21.3900,7.4400,0.0000,0.0000,0.0000,4.6600,4.5400,0.0000,11.0700,4.0800,11.5200,13.8400,0.0000,45.7600,4.2600,2.7500,0.0000,0.0000,0.0000,0.0000,0.0000,0.0000,0.0000,4.5000,47.4996,0.0000,0.0000,0.0000,0.0000,0.0000,0.0000,31.6400,0.0000,0.0000,229.1700,0.0000,91.3500,0.0000,0.0000,0.0000,0.0000,0.0000,0.0000,0.0000,0.0000,0.0000,0.0000,0.0000,0.0000,0.0000,0.0000,0.0000,0.0000,0.0000,0.0000,0.0000,12.9000,26.6700,0.0000,0.0000,0.0000,0.0000,0.0000,0.0000,0.0000,0.0000,0.0000,0.0000,0.0000,0.0000,0.0000,0.0000,0.0000,0.0000,0.0000,0.0000,0.0000,0.0000,0.0000,0.0000,0.0000,0.0000,0.0000,0.0000,0.0000,0.0000,0.0000,9.9294,27.3400,0.0000,181.0000,2063.4344,339.27,0.00,20.7535,0.00,2381.9509
51,BRPL,37DSBRPL2023/09/22,0.0000,0.0000,0.0000,0.0000,0.0000,0.0000,0.0000,0.0000,117.3000,0.0000,0.0000,75.2589,0.0000,0.0000,0.0000,0.0000,32.3200,9.0400,43.9100,0.0000,83.7565,0.0000,0.0000,0.0000,0.0000,0.0000,14.5400,0.0000,0.0000,0.0000,0.0000,0.0000,491.6900,0.0000,0.0000,7.6500,61.2000,49.7900,70.3300,49.0000,19.4800,8.1800,17.8700,11.1200,18.4200,57.9300,0.0000,0.0000,0.0000,0.0000,0.0000,0.0000,5.9100,0.0000,0.0000,25.4300,0.0000,0.0000,0.0000,21.3900,7.4400,0.0000,0.0000,0.0000,4.6600,4.5400,0.0000,11.0700,4.0800,11.5200,13.8400,0.0000,45.7600,4.2600,2.7500,0.0000,0.0000,0.0000,0.0000,0.0000,0.0000,0.0000,4.5000,47.4996,0.0000,0.0000,0.0000,0.0000,0.0000,0.0000,32.0100,0.0000,0.0000,229.1700,0.0000,91.3800,0.0000,0.0000,0.0000,0.0000,0.0000,0.0000,0.0000,0.0000,0.0000,0.0000,0.0000,0.0000,0.0000,0.0000,0.0000,0.0000,0.0000,0.0000,0.0000,12.9600,27.3400,0.0000,0.0000,0.0000,0.0000,0.0000,0.0000,0.0000,0.0000,0.0000,0.0000,0.0000,0.0000,0.0000,0.0000,0.0000,0.0000,0.0000,0.0000,0.0000,0.0000,0.0000,0.0000,0.0000,0.0000,0.0000,0.0000,0.0000,0.0000,0.0000,9.9294,27.3400,0.0000,181.0000,2064.5644,344.07,0.00,20.8056,0.00,2387.8288
52,BRPL,37DSBRPL2023/09/22,0.0000,0.0000,0.0000,0.0000,0.0000,0.0000,0.0000,0.0000,117.3000,0.0000,0.0000,75.2589,0.0000,0.0000,0.0000,0.0000,32.3200,9.0400,43.9100,0.0000,83.7565,0.0000,0.0000,0.0000,0.0000,0.0000,14.5300,0.0000,0.0000,0.0000,0.0000,0.0000,491.6900,0.0000,0.0000,7.6500,61.2000,49.7900,70.3300,49.0000,19.4800,8.1800,17.8700,11.1200,18.4200,57.9300,0.0000,0.0000,0.0000,0.0000,0.0000,0.0000,5.9100,0.0000,0.0000,25.4300,0.0000,0.0000,0.0000,21.3900,7.4400,0.0000,0.0000,0.0000,4.6600,4.5400,0.0000,11.0700,4.0800,11.5200,13.8400,0.0000,45.7600,4.2600,2.7500,0.0000,0.0000,0.0000,0.0000,0.0000,0.0000,0.0000,5.2700,47.4996,0.0000,0.0000,0.0000,0.0000,0.0000,0.0000,32.4000,0.0000,0.0000,229.1700,0.0000,91.3200,0.0000,0.0000,0.0000,0.0000,0.0000,0.0000,0.0000,0.0000,0.0000,0.0000,0.0000,0.0000,0.0000,0.0000,0.0000,0.0000,0.0000,0.0000,0.0000,13.2500,28.3400,0.0000,0.0000,0.0000,0.0000,0.0000,0.0000,0.0000,0.0000,0.0000,0.0000,0.0000,0.0000,0.0000,0.0000,0.0000,0.0000,0.0000,0.0000,0.0000,0.0000,0.0000,0.0000,0.0000,0.0000,0.0000,0.0000,0.0000,0.0000,0.0000,9.9294,27.3400,0.0000,189.0000,2074.9444,350.78,0.00,20.9561,0.00,2404.7683
53,BRPL,37DSBRPL2023/09/22,0.0000,0.0000,0.0000,0.0000,0.0000,0.0000,0.0000,0.0000,117.3000,0.0000,0.0000,75.2589,0.0000,0.0000,0.0000,0.0000,32.3200,9.0400,43.9100,0.0000,83.7565,0.0000,0.0000,0.0000,0.0000,0.0000,14.4900,0.0000,0.0000,0.0000,0.0000,0.0000,491.6900,0.0000,0.0000,7.6500,61.2000,49.7900,70.3300,49.0000,19.4800,8.1800,17.8700,11.1200,18.4200,57.9300,0.0000,0.0000,0.0000,0.0000,0.0000,0.0000,5.9100,0.0000,0.0000,25.4300,0.0000,0.0000,0.0000,21.3900,7.4400,0.0000,0.0000,0.0000,6.9800,4.5400,0.0000,11.0700,4.0800,11.5200,13.8400,0.0000,45.7600,4.2600,2.7500,0.0000,0.0000,0.0000,0.0000,0.0000,0.0000,0.0000,6.0500,47.4996,0.0000,0.0000,0.0000,0.0000,0.0000,0.0000,33.0600,0.0000,0.0000,229.1700,0.0000,91.3200,0.0000,0.0000,0.0000,0.0000,0.0000,0.0000,0.0000,0.0000,0.0000,0.0000,0.0000,0.0000,0.0000,0.0000,0.0000,0.0000,0.0000,0.0000,0.0000,12.7100,29.5100,0.0000,0.0000,0.0000,0.0000,0.0000,0.0000,0.0000,0.0000,0.0000,0.0000,0.0000,0.0000,0.0000,0.0000,0.0000,0.0000,0.0000,0.0000,0.0000,0.0000,0.0000,0.0000,0.0000,0.0000,0.0000,0.0000,0.0000,0.0000,0.0000,9.9294,28.3000,0.0000,189.0000,2080.2544,379.57,0.00,21.2565,0.00,2438.5679
54,BRPL,37DSBRPL2023/09/22,0.0000,0.0000,0.0000,0.0000,0.0000,0.0000,0.0000,0.0000,117.3000,0.0000,0.0000,75.2589,0.0000,0.0000,0.0000,0.0000,32.3200,9.0400,43.9100,0.0000,83.7565,0.0000,0.0000,0.0000,0.0000,0.0000,14.4700,0.0000,0.0000,0.0000,0.0000,0.0000,491.6900,0.0000,0.0000,7.6500,61.2000,49.7900,70.3300,49.0000,19.4800,8.1800,17.8700,11.1200,18.4200,57.9300,0.0000,0.0000,0.0000,0.0000,0.0000,0.0000,5.9100,0.0000,0.0000,25.4300,0.0000,0.0000,0.0000,21.3900,7.4400,0.0000,0.0000,0.0000,6.9800,4.5400,0.0000,11.0700,4.0800,11.5200,13.8400,0.0000,45.7600,4.2600,2.7500,0.0000,0.0000,0.0000,0.0000,0.0000,0.0000,0.0000,6.4700,47.4996,0.0000,0.0000,0.0000,0.0000,0.0000,0.0000,33.9700,0.0000,0.0000,229.1700,0.0000,91.3100,0.0000,0.0000,0.0000,0.0000,0.0000,0.0000,0.0000,0.0000,0.0000,0.0000,0.0000,0.0000,0.0000,0.0000,0.0000,0.0000,0.0000,0.0000,0.0000,12.4600,30.0100,0.0000,0.0000,0.0000,0.0000,0.0000,0.0000,0.0000,0.0000,0.0000,0.0000,0.0000,0.0000,0.0000,0.0000,0.0000,0.0000,0.0000,0.0000,0.0000,0.0000,0.0000,0.0000,0.0000,0.0000,0.0000,0.0000,0.0000,0.0000,0.0000,9.9294,28.3000,0.0000,189.0000,2081.8044,398.76,0.00,21.4392,0.00,2459.1252
55,BRPL,37DSBRPL2023/09/22,0.0000,0.0000,0.0000,0.0000,0.0000,0.0000,0.0000,0.0000,117.3000,0.0000,0.0000,75.2589,0.0000,0.0000,0.0000,0.0000,32.3200,9.0400,43.9100,0.0000,83.7565,0.0000,0.0000,0.0000,0.0000,0.0000,14.4400,0.0000,0.0000,0.0000,0.0000,0.0000,491.6900,0.0000,0.0000,6.6800,61.2000,49.7900,70.3300,49.3000,19.4800,8.1800,17.8700,11.1200,18.4200,58.0200,0.0000,0.0000,0.0000,0.0000,0.0000,0.0000,5.9100,0.0000,0.0000,25.4300,0.0000,0.0000,0.0000,21.3900,7.4400,0.0000,0.0000,0.0000,8.3800,4.5400,0.0000,11.0700,4.0800,11.5200,13.8400,0.0000,45.7600,4.2600,2.7500,0.0000,0.0000,0.0000,0.0000,0.0000,0.0000,0.0000,7.0000,47.4996,0.0000,0.0000,0.0000,0.0000,0.0000,0.0000,34.8300,0.0000,0.0000,229.1700,0.0000,91.1300,0.0000,0.0000,0.0000,0.0000,0.0000,0.0000,0.0000,0.0000,0.0000,0.0000,0.0000,0.0000,0.0000,0.0000,0.0000,0.0000,0.0000,0.0000,0.0000,11.9200,30.6700,0.0000,0.0000,0.0000,0.0000,0.0000,0.0000,0.0000,0.0000,0.0000,0.0000,0.0000,0.0000,0.0000,0.0000,0.0000,0.0000,0.0000,0.0000,0.0000,0.0000,0.0000,0.0000,0.0000,0.0000,0.0000,0.0000,0.0000,0.0000,0.0000,9.9294,28.3000,0.0000,189.0000,2083.9244,409.33,0.00,21.5512,0.00,2471.7032
56,BRPL,37DSBRPL2023/09/22,0.0000,0.0000,0.0000,0.0000,0.0000,0.0000,0.0000,0.0000,117.3000,0.0000,0.0000,75.2589,0.0000,0.0000,0.0000,0.0000,32.3200,9.0400,43.9100,0.0000,83.7565,0.0000,0.0000,0.0000,0.0000,0.0000,14.0400,0.0000,0.0000,0.0000,0.0000,0.0000,491.6900,0.0000,0.0000,7.6500,61.2000,49.7900,70.3300,49.3200,19.4800,8.1800,17.8700,11.1200,18.4200,58.0200,0.0000,0.0000,0.0000,0.0000,0.0000,0.0000,5.9100,0.0000,0.0000,25.4300,0.0000,0.0000,0.0000,21.3900,7.4400,0.0000,0.0000,0.0000,8.3800,4.5400,0.0000,11.0700,4.0800,11.5200,13.8400,0.0000,45.7600,4.2600,2.7500,0.0000,0.0000,0.0000,0.0000,0.0000,0.0000,0.0000,8.0600,47.4996,0.0000,0.0000,0.0000,0.0000,0.0000,0.0000,41.0000,0.0000,0.0000,229.1700,0.0000,89.9900,0.0000,0.0000,0.0000,0.0000,0.0000,0.0000,0.0000,0.0000,0.0000,0.0000,0.0000,0.0000,0.0000,0.0000,0.0000,0.0000,0.0000,0.0000,0.0000,13.3300,26.6500,0.0000,0.0000,0.0000,0.0000,0.0000,0.0000,0.0000,0.0000,0.0000,0.0000,0.0000,0.0000,0.0000,0.0000,0.0000,0.0000,0.0000,0.0000,0.0000,0.0000,0.0000,0.0000,0.0000,0.0000,0.0000,0.0000,0.0000,0.0000,0.0000,9.9294,28.3000,0.0000,189.0000,2087.9944,441.95,0.00,21.8775,0.00,2508.0669
57,BRPL,37DSBRPL2023/09/22,0.0000,0.0000,0.0000,0.0000,0.0000,0.0000,0.0000,0.0000,117.3000,0.0000,0.0000,75.2589,0.0000,0.0000,0.0000,0.0000,32.3200,9.0400,43.9100,0.0000,79.0524,0.0000,0.0000,0.0000,0.0000,0.0000,13.7200,0.0000,0.0000,0.0000,0.0000,0.0000,491.6900,0.0000,0.0000,7.6500,61.2000,49.7900,70.3300,49.3200,19.4800,8.1800,17.8700,11.1200,18.4200,58.0200,0.0000,0.0000,0.0000,0.0000,0.0000,0.0000,5.9100,0.0000,0.0000,25.4300,0.0000,0.0000,0.0000,21.3900,7.9300,0.0000,0.0000,0.0000,6.5100,4.2500,0.0000,7.8700,4.0800,11.5200,13.8400,0.0000,45.7600,4.2600,2.7500,0.0000,0.0000,0.0000,0.0000,0.0000,0.0000,0.0000,14.0600,47.4996,0.0000,0.0000,0.0000,0.0000,0.0000,0.0000,41.1700,0.0000,0.0000,229.1700,0.0000,89.2600,0.0000,0.0000,0.0000,0.0000,0.0000,0.0000,0.0000,0.0000,0.0000,0.0000,0.0000,0.0000,0.0000,0.0000,0.0000,0.0000,0.0000,0.0000,0.0000,13.3300,26.9200,0.0000,0.0000,0.0000,0.0000,0.0000,0.0000,0.0000,0.0000,0.0000,0.0000,0.0000,0.0000,0.0000,0.0000,0.0000,0.0000,0.0000,0.0000,0.0000,0.0000,0.0000,0.0000,0.0000,0.0000,0.0000,0.0000,0.0000,0.0000,0.0000,9.9294,28.3000,0.0000,186.0000,2080.8103,494.11,0.00,22.2762,0.00,2552.6441
58,BRPL,37DSBRPL2023/09/22,0.0000,0.0000,0.0000,0.0000,0.0000,0.0000,0.0000,0.0000,117.3000,0.0000,0.0000,75.2589,0.0000,0.0000,0.0000,0.0000,32.3200,9.0400,43.9100,0.0000,79.0524,0.0000,0.0000,0.0000,0.0000,0.0000,13.3700,0.0000,0.0000,0.0000,0.0000,0.0000,491.6900,0.0000,0.0000,7.6500,61.2000,49.7900,70.3300,49.3200,19.4800,8.1800,17.8700,11.1200,18.4200,58.0200,0.0000,0.0000,0.0000,0.0000,0.0000,0.0000,5.9100,0.0000,0.0000,25.4300,0.0000,0.0000,0.0000,21.3900,7.9300,0.0000,0.0000,0.0000,6.5100,4.2500,0.0000,7.8700,4.0800,11.5200,13.8400,0.0000,45.7600,4.2600,2.7500,0.0000,0.0000,0.0000,0.0000,0.0000,0.0000,0.0000,15.0800,47.4996,0.0000,0.0000,0.0000,0.0000,0.0000,0.0000,41.2800,0.0000,0.0000,229.1700,0.0000,87.9800,0.0000,0.0000,0.0000,0.0000,0.0000,0.0000,0.0000,0.0000,0.0000,0.0000,0.0000,0.0000,0.0000,0.0000,0.0000,0.0000,0.0000,0.0000,0.0000,13.3300,27.0300,0.0000,0.0000,0.0000,0.0000,0.0000,0.0000,0.0000,0.0000,0.0000,0.0000,0.0000,0.0000,0.0000,0.0000,0.0000,0.0000,0.0000,0.0000,0.0000,0.0000,0.0000,0.0000,0.0000,0.0000,0.0000,0.0000,0.0000,0.0000,0.0000,9.9294,28.3000,0.0000,172.0000,2066.4203,549.77,0.00,22.6424,0.00,2593.5479
59,BRPL,37DSBRPL2023/09/22,0.0000,0.0000,0.0000,0.0000,0.0000,0.0000,0.0000,0.0000,117.3000,0.0000,0.0000,75.2589,0.0000,0.0000,0.0000,0.0000,32.3200,9.0400,43.9100,0.0000,79.0524,0.0000,0.0000,0.0000,0.0000,0.0000,12.8400,0.0000,0.0000,0.0000,0.0000,0.0000,491.6900,0.0000,0.0000,7.6500,61.2000,49.7900,70.3300,49.3200,19.4800,8.1800,17.8800,11.1300,18.4200,58.0200,0.0000,0.0000,0.0000,0.0000,0.0000,0.0000,5.9100,0.0000,0.0000,25.4300,0.0000,0.0000,0.0000,21.3900,7.9300,0.0000,0.0000,0.0000,6.9800,4.2500,0.0000,7.8700,4.0800,11.5200,13.8400,0.0000,45.7600,4.2600,0.0000,0.0000,0.0000,0.0000,0.0000,0.0000,0.0000,0.0000,16.0800,47.4996,0.0000,0.0000,0.0000,0.0000,0.0000,0.0000,41.4400,0.0000,0.0000,229.1700,0.0000,85.9300,0.0000,0.0000,0.0000,0.0000,0.0000,0.0000,0.0000,0.0000,0.0000,0.0000,0.0000,0.0000,0.0000,0.0000,0.0000,0.0000,0.0000,0.0000,0.0000,13.3300,27.5400,0.0000,0.0000,0.0000,0.0000,0.0000,0.0000,0.0000,0.0000,0.0000,0.0000,0.0000,0.0000,0.0000,0.0000,0.0000,0.0000,0.0000,0.0000,0.0000,0.0000,0.0000,0.0000,0.0000,0.0000,0.0000,0.0000,0.0000,0.0000,0.0000,9.9294,28.3000,0.0000,165.0000,2056.2503,563.21,0.00,22.6758,0.00,2596.7845
60,BRPL,37DSBRPL2023/09/22,0.0000,0.0000,0.0000,0.0000,0.0000,0.0000,0.0000,0.0000,117.3000,0.0000,0.0000,75.2589,0.0000,0.0000,0.0000,0.0000,32.3200,9.0400,43.9100,0.0000,79.0524,0.0000,0.0000,0.0000,0.0000,0.0000,12.3100,0.0000,0.0000,0.0000,0.0000,0.0000,491.6900,0.0000,0.0000,7.6500,61.2000,49.7900,70.3300,49.3200,19.4800,8.1800,17.8800,11.1300,18.4200,58.0200,0.0000,0.0000,0.0000,0.0000,0.0000,0.0000,5.9100,0.0000,0.0000,25.4300,0.0000,0.0000,0.0000,21.3900,7.9300,0.0000,0.0000,0.0000,6.9800,4.2500,0.0000,7.8700,4.0800,11.5200,13.8400,0.0000,45.7600,4.2600,0.0000,0.0000,0.0000,0.0000,0.0000,0.0000,0.0000,0.0000,16.7300,47.4996,0.0000,0.0000,0.0000,0.0000,0.0000,0.0000,41.6800,0.0000,0.0000,227.6900,0.0000,84.0200,0.0000,0.0000,0.0000,0.0000,0.0000,0.0000,0.0000,0.0000,0.0000,0.0000,0.0000,0.0000,0.0000,0.0000,0.0000,0.0000,0.0000,0.0000,0.0000,13.5500,27.4900,0.0000,0.0000,0.0000,0.0000,0.0000,0.0000,0.0000,0.0000,0.0000,0.0000,0.0000,0.0000,0.0000,0.0000,0.0000,0.0000,0.0000,0.0000,0.0000,0.0000,0.0000,0.0000,0.0000,0.0000,0.0000,0.0000,0.0000,0.0000,0.0000,9.9294,28.3000,0.0000,158.0000,2046.3903,581.44,0.00,22.7542,0.00,2605.0761
61,BRPL,37DSBRPL2023/09/22,0.0000,0.0000,0.0000,0.0000,0.0000,0.0000,0.0000,0.0000,117.3000,0.0000,0.0000,75.2589,0.0000,0.0000,0.0000,0.0000,32.3200,9.0400,43.9100,0.0000,99.6096,0.0000,0.0000,0.0000,0.0000,0.0000,11.8500,0.0000,0.0000,0.0000,0.0000,0.0000,491.6900,0.0000,0.0000,7.6500,61.2000,49.7900,70.3300,49.3200,19.4800,8.1800,17.8800,11.1300,18.4200,58.0200,0.0000,0.0000,0.0000,0.0000,0.0000,0.0000,5.9100,0.0000,0.0000,25.4300,0.0000,0.0000,0.0000,21.3900,7.9300,0.0000,0.0000,0.0000,6.9800,4.2500,0.0000,7.8700,4.0800,11.5200,13.8400,0.0000,45.7600,4.2600,0.0000,0.0000,0.0000,0.0000,0.0000,0.0000,0.0000,0.0000,16.8100,47.4996,0.0000,0.0000,0.0000,0.0000,0.0000,0.0000,41.8900,0.0000,0.0000,216.4600,0.0000,79.7200,0.0000,0.0000,0.0000,0.0000,0.0000,0.0000,0.0000,0.0000,0.0000,0.0000,0.0000,0.0000,0.0000,0.0000,0.0000,0.0000,0.0000,0.0000,0.0000,13.8900,27.8500,0.0000,0.0000,0.0000,0.0000,0.0000,0.0000,0.0000,0.0000,0.0000,0.0000,0.0000,0.0000,0.0000,0.0000,0.0000,0.0000,0.0000,0.0000,0.0000,0.0000,0.0000,0.0000,0.0000,0.0000,0.0000,0.0000,0.0000,0.0000,0.0000,9.9294,30.2200,0.0000,151.0000,2046.8675,584.32,0.00,22.7878,0.00,2608.3997
62,BRPL,37DSBRPL2023/09/22,0.0000,0.0000,0.0000,0.0000,0.0000,0.0000,0.0000,0.0000,117.3000,0.0000,0.0000,75.2589,0.0000,0.0000,0.0000,0.0000,32.3200,9.0400,43.9100,0.0000,99.6096,0.0000,0.0000,0.0000,0.0000,0.0000,11.3500,0.0000,0.0000,0.0000,0.0000,0.0000,491.6900,0.0000,0.0000,7.6500,61.2000,49.7900,70.3300,49.3200,19.4800,8.1800,17.8800,11.1300,18.4200,58.0200,0.0000,0.0000,0.0000,0.0000,0.0000,0.0000,5.9100,0.0000,0.0000,25.4300,0.0000,0.0000,0.0000,21.3900,7.9300,0.0000,0.0000,0.0000,6.9800,4.2500,0.0000,7.8700,4.0800,11.5200,13.8400,0.0000,45.7600,4.2600,0.0000,0.0000,0.0000,0.0000,0.0000,0.0000,0.0000,0.0000,12.0300,47.4996,0.0000,0.0000,0.0000,0.0000,0.0000,0.0000,42.1600,0.0000,0.0000,204.4400,0.0000,74.9300,0.0000,0.0000,0.0000,0.0000,0.0000,0.0000,0.0000,0.0000,0.0000,0.0000,0.0000,0.0000,0.0000,0.0000,0.0000,0.0000,0.0000,0.0000,0.0000,14.1700,33.5900,0.0000,0.0000,0.0000,0.0000,0.0000,0.0000,0.0000,0.0000,0.0000,0.0000,0.0000,0.0000,0.0000,0.0000,0.0000,0.0000,0.0000,0.0000,0.0000,0.0000,0.0000,0.0000,0.0000,0.0000,0.0000,0.0000,0.0000,0.0000,0.0000,9.9294,30.2200,0.0000,144.0000,2024.0675,614.08,0.00,22.8534,0.00,2615.2941
63,BRPL,37DSBRPL2023/09/22,0.0000,0.0000,0.0000,0.0000,0.0000,0.0000,0.0000,0.0000,117.3000,0.0000,0.0000,75.2589,0.0000,0.0000,0.0000,0.0000,32.3200,9.0400,43.9100,0.0000,99.6096,0.0000,0.0000,0.0000,0.0000,0.0000,10.6300,0.0000,0.0000,0.0000,0.0000,0.0000,491.6900,0.0000,0.0000,7.6500,61.2000,49.7900,70.3300,49.3200,19.4800,8.1800,17.8800,11.1300,18.4200,58.0200,0.0000,0.0000,0.0000,0.0000,0.0000,0.0000,5.9100,0.0000,0.0000,25.4300,0.0000,0.0000,0.0000,21.3900,7.9300,0.0000,0.0000,0.0000,6.9800,4.2500,0.0000,7.8700,4.0800,11.5200,13.8400,0.0000,45.7600,4.2600,0.0000,0.0000,0.0000,0.0000,0.0000,0.0000,0.0000,0.0000,11.7800,47.4996,0.0000,0.0000,0.0000,0.0000,0.0000,0.0000,41.9700,0.0000,0.0000,190.3700,0.0000,69.6900,0.0000,0.0000,0.0000,0.0000,0.0000,0.0000,0.0000,0.0000,0.0000,0.0000,0.0000,0.0000,0.0000,0.0000,0.0000,0.0000,0.0000,0.0000,0.0000,14.3700,33.5700,0.0000,0.0000,0.0000,0.0000,0.0000,0.0000,0.0000,0.0000,0.0000,0.0000,0.0000,0.0000,0.0000,0.0000,0.0000,0.0000,0.0000,0.0000,0.0000,0.0000,0.0000,0.0000,0.0000,0.0000,0.0000,0.0000,0.0000,0.0000,0.0000,9.9294,30.2200,0.0000,133.0000,1992.7775,677.41,0.00,23.1417,0.00,2647.0458
64,BRPL,37DSBRPL2023/09/22,0.0000,0.0000,0.0000,0.0000,0.0000,0.0000,0.0000,0.0000,117.3000,0.0000,0.0000,75.2589,0.0000,0.0000,0.0000,0.0000,32.3200,9.0400,43.9100,0.0000,99.6096,0.0000,0.0000,0.0000,0.0000,0.0000,9.8100,0.0000,0.0000,0.0000,0.0000,0.0000,491.6900,0.0000,0.0000,7.6500,61.2000,49.7900,70.3300,49.3200,19.4800,8.1800,17.8800,11.1300,18.4200,58.0200,0.0000,0.0000,0.0000,0.0000,0.0000,0.0000,5.9100,0.0000,0.0000,25.4300,0.0000,0.0000,0.0000,21.3900,7.9300,0.0000,0.0000,0.0000,6.9800,4.2500,0.0000,7.8700,4.0800,11.5200,13.8400,0.0000,45.7600,4.2600,0.0000,0.0000,0.0000,0.0000,0.0000,0.0000,0.0000,0.0000,11.3400,47.4996,0.0000,0.0000,0.0000,0.0000,0.0000,0.0000,41.8300,0.0000,0.0000,175.0400,0.0000,63.7700,0.0000,0.0000,0.0000,0.0000,0.0000,0.0000,0.0000,0.0000,0.0000,0.0000,0.0000,0.0000,0.0000,0.0000,0.0000,0.0000,0.0000,0.0000,0.0000,14.3700,33.5900,0.0000,0.0000,0.0000,0.0000,0.0000,0.0000,0.0000,0.0000,0.0000,0.0000,0.0000,0.0000,0.0000,0.0000,0.0000,0.0000,0.0000,0.0000,0.0000,0.0000,0.0000,0.0000,0.0000,0.0000,0.0000,0.0000,0.0000,0.0000,0.0000,9.9294,30.2200,0.0000,123.0000,1960.1475,696.62,0.00,23.0308,0.00,2633.7367
65,BRPL,37DSBRPL2023/09/22,0.0000,0.0000,0.0000,0.0000,0.0000,0.0000,0.0000,0.0000,117.3000,0.0000,0.0000,75.2589,0.0000,0.0000,0.0000,0.0000,32.3200,9.0400,43.9100,0.0000,99.6096,0.0000,0.0000,0.0000,0.0000,0.0000,8.8400,0.0000,0.0000,0.0000,0.0000,0.0000,491.6900,0.0000,0.0000,7.6500,61.2000,49.7900,70.3300,49.0000,19.4800,8.1800,17.8800,11.1300,17.4000,57.9300,0.0000,0.0000,0.0000,0.0000,0.0000,0.0000,5.9100,0.0000,0.0000,25.4300,0.0000,0.0000,0.0000,21.3900,9.2900,0.0000,0.0000,0.0000,6.9800,4.8200,0.0000,7.8700,4.0800,11.5200,13.8400,0.0000,60.7300,4.2600,0.0000,0.0000,0.0000,0.0000,0.0000,0.0000,0.0000,0.0000,11.0300,47.4996,0.0000,0.0000,0.0000,0.0000,0.0000,0.0000,41.5800,0.0000,0.0000,159.0500,0.0000,57.7100,0.0000,0.0000,0.0000,0.0000,0.0000,0.0000,0.0000,0.0000,0.0000,0.0000,0.0000,0.0000,0.0000,0.0000,0.0000,0.0000,0.0000,0.0000,0.0000,14.3700,33.4200,0.0000,0.0000,0.0000,0.0000,0.0000,0.0000,0.0000,0.0000,0.0000,0.0000,0.0000,0.0000,0.0000,0.0000,0.0000,0.0000,0.0000,0.0000,0.0000,0.0000,0.0000,0.0000,0.0000,0.0000,0.0000,0.0000,0.0000,0.0000,0.0000,9.9294,30.2200,0.0000,112.0000,1940.8675,729.23,0.00,23.1567,0.00,2646.9408
66,BRPL,37DSBRPL2023/09/22,0.0000,0.0000,0.0000,0.0000,0.0000,0.0000,0.0000,0.0000,117.3000,0.0000,0.0000,75.2589,0.0000,0.0000,0.0000,0.0000,32.3200,9.0400,43.9100,0.0000,99.6096,0.0000,0.0000,0.0000,0.0000,0.0000,7.8100,0.0000,0.0000,0.0000,0.0000,0.0000,491.6900,0.0000,0.0000,7.6500,61.2000,49.7900,70.3300,49.0000,19.4800,8.1800,17.8800,11.1300,17.4000,57.9300,0.0000,0.0000,0.0000,0.0000,0.0000,0.0000,5.9100,0.0000,0.0000,25.4300,0.0000,0.0000,0.0000,21.3900,9.2900,0.0000,0.0000,0.0000,6.9800,4.8200,0.0000,7.8700,4.0800,11.5200,13.8400,0.0000,60.7300,4.2600,0.0000,0.0000,0.0000,0.0000,0.0000,0.0000,0.0000,0.0000,10.7000,47.4996,0.0000,0.0000,0.0000,0.0000,0.0000,0.0000,40.8000,0.0000,0.0000,142.0500,0.0000,51.3300,0.0000,0.0000,0.0000,0.0000,0.0000,0.0000,0.0000,0.0000,0.0000,0.0000,0.0000,0.0000,0.0000,0.0000,0.0000,0.0000,0.0000,0.0000,0.0000,14.1100,33.1500,0.0000,0.0000,0.0000,0.0000,0.0000,0.0000,0.0000,0.0000,0.0000,0.0000,0.0000,0.0000,0.0000,0.0000,0.0000,0.0000,0.0000,0.0000,0.0000,0.0000,0.0000,0.0000,0.0000,0.0000,0.0000,0.0000,0.0000,0.0000,0.0000,9.9294,30.2200,0.0000,98.0000,1900.8175,746.52,0.00,22.9654,0.00,2624.3721
67,BRPL,37DSBRPL2023/09/22,0.0000,0.0000,0.0000,0.0000,0.0000,0.0000,0.0000,0.0000,117.3000,0.0000,0.0000,75.2589,0.0000,0.0000,0.0000,0.0000,32.3200,9.0400,43.9100,0.0000,99.6096,0.0000,0.0000,0.0000,0.0000,0.0000,6.8100,0.0000,0.0000,0.0000,0.0000,0.0000,491.6900,0.0000,0.0000,7.6500,61.2000,49.7900,70.3300,48.6900,19.4800,8.1800,17.8800,11.1300,17.4000,57.9300,0.0000,0.0000,0.0000,0.0000,0.0000,0.0000,5.9100,0.0000,0.0000,25.4300,0.0000,0.0000,0.0000,21.3900,9.2900,0.0000,0.0000,0.0000,9.3100,5.6700,0.0000,7.8700,4.0800,11.5200,13.8400,0.0000,60.7300,4.2600,0.0000,0.0000,0.0000,0.0000,0.0000,0.0000,0.0000,0.0000,10.4700,47.4996,0.0000,0.0000,0.0000,0.0000,0.0000,0.0000,40.6300,0.0000,0.0000,124.5900,0.0000,44.8000,0.0000,0.0000,0.0000,0.0000,0.0000,0.0000,0.0000,0.0000,0.0000,0.0000,0.0000,0.0000,0.0000,0.0000,0.0000,0.0000,0.0000,0.0000,0.0000,13.6200,32.7600,0.0000,0.0000,0.0000,0.0000,0.0000,0.0000,0.0000,0.0000,0.0000,0.0000,0.0000,0.0000,0.0000,0.0000,0.0000,0.0000,0.0000,0.0000,0.0000,0.0000,0.0000,0.0000,0.0000,0.0000,0.0000,0.0000,0.0000,0.0000,0.0000,9.9294,30.2200,0.0000,84.0000,1863.4175,748.44,0.00,22.6620,0.00,2589.1955
68,BRPL,37DSBRPL2023/09/22,0.0000,0.0000,0.0000,0.0000,0.0000,0.0000,0.0000,0.0000,117.3000,0.0000,0.0000,75.2589,0.0000,0.0000,0.0000,0.0000,32.3200,9.0400,43.9100,0.0000,99.6096,0.0000,0.0000,0.0000,0.0000,0.0000,5.7500,0.0000,0.0000,0.0000,0.0000,0.0000,491.6900,0.0000,0.0000,7.6500,61.2000,49.7900,70.3300,48.6900,19.4800,8.1800,17.8800,11.1300,17.4000,57.9300,0.0000,0.0000,0.0000,0.0000,0.0000,0.0000,5.9100,0.0000,0.0000,25.4300,0.0000,0.0000,0.0000,21.3900,9.2900,0.0000,0.0000,0.0000,9.3100,5.6700,0.0000,7.8700,4.0800,11.5200,13.8400,0.0000,60.7300,4.2600,0.0000,0.0000,0.0000,0.0000,0.0000,0.0000,0.0000,0.0000,9.9500,40.7897,0.0000,0.0000,0.0000,0.0000,0.0000,0.0000,39.7800,0.0000,0.0000,105.7000,0.0000,37.9200,0.0000,0.0000,0.0000,0.0000,0.0000,0.0000,0.0000,0.0000,0.0000,0.0000,0.0000,0.0000,0.0000,0.0000,0.0000,0.0000,0.0000,0.0000,0.0000,13.3900,30.8600,0.0000,0.0000,0.0000,0.0000,0.0000,0.0000,0.0000,0.0000,0.0000,0.0000,0.0000,0.0000,0.0000,0.0000,0.0000,0.0000,0.0000,0.0000,0.0000,0.0000,0.0000,0.0000,0.0000,0.0000,0.0000,0.0000,0.0000,0.0000,0.0000,9.9294,30.2200,0.0000,70.0000,1812.3776,777.22,0.00,22.5345,0.00,2567.0631
69,BRPL,37DSBRPL2023/09/22,0.0000,0.0000,0.0000,0.0000,0.0000,0.0000,0.0000,0.0000,117.3000,0.0000,0.0000,75.2589,0.0000,0.0000,0.0000,0.0000,32.3200,9.0400,43.9100,0.0000,99.6096,0.0000,0.0000,0.0000,0.0000,0.0000,4.6900,0.0000,0.0000,0.0000,0.0000,0.0000,491.6900,0.0000,0.0000,7.6500,61.2000,49.7900,70.3300,48.6900,19.4800,8.1800,17.8800,11.1300,16.8800,57.9300,0.0000,0.0000,0.0000,0.0000,0.0000,0.0000,5.9100,0.0000,0.0000,25.4300,0.0000,0.0000,0.0000,21.3900,10.5300,0.0000,0.0000,0.0000,8.3800,6.2400,0.0000,7.8700,4.0800,11.5200,20.8400,0.0000,61.5600,4.2600,0.0000,0.0000,0.0000,0.0000,0.0000,0.0000,0.0000,0.0000,13.7900,28.5247,0.0000,0.0000,0.0000,0.0000,0.0000,0.0000,39.6000,0.0000,0.0000,86.9700,0.0000,30.8600,0.0000,0.0000,0.0000,0.0000,0.0000,0.0000,0.0000,0.0000,0.0000,0.0000,0.0000,0.0000,0.0000,0.0000,0.0000,0.0000,0.0000,0.0000,0.0000,14.0100,30.2100,0.0000,0.0000,0.0000,0.0000,0.0000,0.0000,0.0000,0.0000,0.0000,0.0000,0.0000,0.0000,0.0000,0.0000,0.0000,0.0000,0.0000,0.0000,0.0000,0.0000,0.0000,0.0000,0.0000,0.0000,0.0000,0.0000,0.0000,0.0000,0.0000,9.9294,30.2200,0.0000,60.0000,1775.0826,793.54,0.00,22.4672,0.00,2546.1554
70,BRPL,37DSBRPL2023/09/22,0.0000,0.0000,0.0000,0.0000,0.0000,0.0000,0.0000,0.0000,117.3000,0.0000,0.0000,75.2589,0.0000,0.0000,0.0000,0.0000,32.3200,9.0400,43.9100,0.0000,99.6096,0.0000,0.0000,0.0000,0.0000,0.0000,3.6100,0.0000,0.0000,0.0000,0.0000,0.0000,491.6900,0.0000,0.0000,7.6500,61.2000,49.7900,70.3300,48.6900,19.4800,8.1800,17.8800,11.1300,16.8800,57.9300,0.0000,0.0000,0.0000,0.0000,0.0000,10.2700,5.9100,0.0000,0.0000,25.4300,0.0000,0.0000,0.0000,21.3900,10.5300,0.0000,0.0000,0.0000,8.3800,6.2400,0.0000,7.8700,4.0800,11.5200,20.8400,0.0000,61.5600,4.2600,0.0000,0.0000,0.0000,0.0000,0.0000,0.0000,0.0000,0.0000,13.4300,15.1902,0.0000,0.0000,0.0000,0.0000,0.0000,0.0000,39.1500,0.0000,0.0000,66.7300,0.0000,23.9900,0.0000,0.0000,0.0000,0.0000,0.0000,0.0000,0.0000,0.0000,0.0000,0.0000,0.0000,0.0000,0.0000,0.0000,0.0000,0.0000,0.0000,0.0000,0.0000,13.1700,29.5100,0.0000,0.0000,0.0000,0.0000,0.0000,0.0000,0.0000,0.0000,0.0000,0.0000,0.0000,0.0000,0.0000,0.0000,0.0000,0.0000,0.0000,0.0000,0.0000,0.0000,0.0000,0.0000,0.0000,0.0000,0.0000,0.0000,0.0000,0.0000,0.0000,9.9294,30.2200,0.0000,49.0000,1730.4781,810.82,0.00,22.3536,0.00,2518.9445
71,BRPL,37DSBRPL2023/09/22,0.0000,0.0000,0.0000,0.0000,0.0000,0.0000,0.0000,0.0000,117.3000,0.0000,0.0000,75.2589,0.0000,0.0000,0.0000,0.0000,32.3200,9.0400,43.9100,0.0000,99.6096,0.0000,0.0000,0.0000,0.0000,0.0000,2.6900,0.0000,0.0000,0.0000,0.0000,0.0000,491.6900,0.0000,0.0000,7.6500,61.2000,49.7900,70.3300,48.6900,19.4800,8.1800,17.8800,11.1200,16.8800,60.1300,0.0000,0.0000,0.0000,0.0000,0.0000,20.7100,5.9100,0.0000,0.0000,25.4300,0.0000,0.0000,0.0000,21.3900,10.5300,0.0000,0.0000,0.0000,8.3800,6.2400,0.0000,7.8700,4.0800,11.5200,20.8400,0.0000,53.6400,4.2600,0.0000,0.0000,0.0000,0.0000,0.0000,0.0000,0.0000,0.0000,11.9600,7.0601,0.0000,0.0000,0.0000,0.0000,0.0000,0.0000,38.3000,0.0000,0.0000,47.4100,0.0000,17.1500,0.0000,0.0000,0.0000,0.0000,0.0000,0.0000,0.0000,0.0000,0.0000,0.0000,0.0000,0.0000,0.0000,0.0000,0.0000,0.0000,0.0000,0.0000,0.0000,13.2500,28.6700,0.0000,0.0000,0.0000,0.0000,0.0000,0.0000,0.0000,0.0000,0.0000,0.0000,0.0000,0.0000,0.0000,0.0000,0.0000,0.0000,0.0000,0.0000,0.0000,0.0000,0.0000,0.0000,0.0000,0.0000,0.0000,0.0000,0.0000,0.0000,0.0000,9.9294,28.3000,0.0000,35.0000,1680.9780,826.17,0.00,22.1327,0.00,2485.0153
72,BRPL,37DSBRPL2023/09/22,0.0000,0.0000,0.0000,0.0000,0.0000,0.0000,0.0000,0.0000,117.3000,0.0000,0.0000,75.2589,0.0000,0.0000,0.0000,0.0000,32.3200,9.0400,43.9100,0.0000,99.6096,0.0000,0.0000,0.0000,0.0000,0.0000,1.8400,0.0000,0.0000,0.0000,0.0000,0.0000,491.6900,0.0000,0.0000,7.6500,61.2000,49.7900,70.3300,48.6900,19.4800,8.1800,17.8800,11.1200,16.8800,60.1300,0.0000,0.0000,0.0000,0.0000,0.0000,30.1700,5.9100,2.1900,0.0000,25.4300,0.0000,0.0000,0.0000,21.3900,10.5300,0.0000,0.0000,0.0000,8.3800,6.2400,0.0000,7.8700,4.0800,11.5200,20.8400,0.0000,53.6400,4.2600,0.0000,0.0000,0.0000,0.0000,0.0000,0.0000,0.0000,0.0000,11.3800,2.8200,0.0000,0.0000,0.0000,0.0000,0.0000,0.0000,37.7700,0.0000,0.0000,32.1800,0.0000,11.0500,0.0000,0.0000,0.0000,0.0000,0.0000,0.0000,0.0000,0.0000,0.0000,0.0000,0.0000,0.0000,0.0000,0.0000,0.0000,0.0000,0.0000,0.0000,0.0000,12.5400,28.2300,0.0000,0.0000,0.0000,0.0000,0.0000,0.0000,0.0000,0.0000,0.0000,0.0000,0.0000,0.0000,0.0000,0.0000,0.0000,0.0000,0.0000,0.0000,0.0000,0.0000,0.0000,0.0000,0.0000,0.0000,0.0000,0.0000,0.0000,0.0000,0.0000,9.9294,28.3000,0.0000,21.0000,1649.9479,819.45,0.00,21.8453,0.00,2447.5526
73,BRPL,37DSBRPL2023/09/22,0.0000,0.0000,0.0000,0.0000,0.0000,0.0000,0.0000,0.0000,117.3000,0.0000,0.0000,75.2589,0.0000,0.0000,0.0000,0.0000,32.3200,9.0400,43.9100,0.0000,99.6096,0.0000,0.0000,0.0000,0.0000,0.0000,1.1200,0.0000,0.0000,0.0000,0.0000,0.0000,491.6900,0.0000,0.0000,7.6500,61.2000,49.7900,70.3300,48.6900,19.4800,8.1800,17.8800,11.1200,16.8800,60.1300,0.0000,0.0000,0.0000,0.0000,0.0000,30.1700,5.9100,2.1900,0.0000,25.4300,0.0000,0.0000,0.0000,21.3900,10.5300,0.0000,0.0000,0.0000,8.3800,5.1000,5.8900,7.8700,4.0800,11.5200,20.8400,0.0000,54.0800,4.2600,0.4700,0.0000,0.0000,0.0000,0.0000,0.0000,0.0000,0.0000,7.2000,0.0000,0.0000,0.0000,0.0000,0.0000,0.0000,0.0000,47.1200,0.0000,0.0000,20.2800,0.0000,1.0100,0.0000,0.0000,0.0000,0.0000,0.0000,0.0000,0.0000,0.0000,0.0000,0.0000,0.0000,0.0000,0.0000,0.0000,0.0000,0.0000,0.0000,0.0000,0.0000,16.5500,27.7700,0.0000,0.0000,0.0000,0.0000,0.0000,0.0000,0.0000,0.0000,0.0000,0.0000,0.0000,0.0000,0.0000,0.0000,0.0000,0.0000,0.0000,0.0000,0.0000,0.0000,0.0000,0.0000,0.0000,0.0000,0.0000,0.0000,0.0000,0.0000,0.0000,9.9294,28.3000,0.0000,14.0000,1631.8479,850.16,0.00,21.9874,0.00,2460.0205
74,BRPL,37DSBRPL2023/09/22,0.0000,0.0000,0.0000,0.0000,0.0000,0.0000,0.0000,0.0000,117.3000,0.0000,0.0000,75.2589,0.0000,0.0000,0.0000,0.0000,32.3200,9.0400,43.9100,0.0000,99.6096,0.0000,0.0000,0.0000,0.0000,0.0000,0.5500,0.0000,0.0000,0.0000,0.0000,0.0000,491.6900,0.0000,0.0000,7.6500,61.2000,49.7900,70.3300,48.6900,19.4800,8.1800,17.8800,11.1200,16.8800,60.1300,0.0000,0.0000,0.0000,0.0000,0.0000,30.1700,5.9100,4.3800,0.0000,25.4300,0.0000,0.0000,0.0000,21.3900,10.5300,0.0000,0.0000,0.0000,8.3800,5.1000,11.8200,7.8700,8.1600,11.5200,20.8400,0.0000,54.0800,4.2600,0.4700,0.0000,0.0000,0.0000,0.0000,0.0000,0.0000,0.0000,7.2000,0.0000,0.0000,0.0000,0.0000,0.0000,0.0000,0.0000,44.6000,0.0000,0.0000,10.9800,0.0000,0.3300,0.0000,0.0000,0.0000,0.0000,0.0000,0.0000,0.0000,0.0000,0.0000,0.0000,0.0000,0.0000,0.0000,0.0000,0.0000,0.0000,0.0000,0.0000,0.0000,15.4400,33.9600,0.0000,0.0000,0.0000,0.0000,0.0000,0.0000,0.0000,0.0000,0.0000,0.0000,0.0000,0.0000,0.0000,0.0000,0.0000,0.0000,0.0000,0.0000,0.0000,0.0000,0.0000,0.0000,0.0000,0.0000,0.0000,0.0000,0.0000,0.0000,0.0000,9.9294,28.3000,0.0000,7.0000,1629.0579,865.39,0.00,22.1019,0.00,2472.3460
75,BRPL,37DSBRPL2023/09/22,0.0000,0.0000,0.0000,0.0000,0.0000,0.0000,0.0000,0.0000,117.3000,0.0000,0.0000,75.2589,0.0000,0.0000,0.0000,0.0000,32.3200,9.0400,43.9100,0.0000,99.6096,0.0000,0.0000,0.0000,0.0000,0.0000,0.1400,0.0000,0.0000,0.0000,0.0000,0.0000,491.6900,0.0000,0.0000,7.6500,61.2000,49.7900,70.3300,48.6900,19.4800,8.1800,17.8800,11.1200,16.8800,60.1300,0.0000,0.0000,0.0000,0.0000,0.0000,40.2300,5.9100,4.3800,0.0000,25.4300,0.0000,0.0000,0.0000,21.3900,10.5300,0.0000,0.0000,0.0000,8.3800,5.1000,17.3100,13.4800,8.1600,11.5200,20.8400,0.0000,54.0800,4.2600,0.9300,0.0000,0.0000,0.0000,0.0000,0.0000,0.0000,0.0000,7.4000,0.0000,0.0000,0.0000,0.0000,0.0000,0.0000,0.0000,42.6200,0.0000,0.0000,4.6000,0.0000,0.0000,0.0000,0.0000,0.0000,0.0000,0.0000,0.0000,0.0000,0.0000,0.0000,0.0000,0.0000,0.0000,0.0000,0.0000,0.0000,0.0000,0.0000,0.0000,0.0000,14.5500,33.2200,0.0000,0.0000,0.0000,0.0000,0.0000,0.0000,0.0000,0.0000,0.0000,0.0000,0.0000,0.0000,0.0000,0.0000,0.0000,0.0000,0.0000,0.0000,0.0000,0.0000,0.0000,0.0000,0.0000,0.0000,0.0000,0.0000,0.0000,0.0000,0.0000,9.9294,28.3000,0.0000,1.0000,1634.1479,899.00,0.00,22.4461,0.00,2510.7018
76,BRPL,37DSBRPL2023/09/22,0.0000,0.0000,0.0000,0.0000,0.0000,0.0000,0.0000,0.0000,117.3000,0.0000,0.0000,75.2589,0.0000,0.0000,0.0000,0.0000,32.3200,9.0400,51.8900,0.0000,99.6096,0.0000,0.0000,0.0000,0.0000,0.0000,0.0000,0.0000,0.0000,0.0000,0.0000,0.0000,491.6900,0.0000,0.0000,7.6500,61.2000,49.7900,70.3300,48.6900,19.4800,8.1800,17.8800,11.1200,16.8800,60.1300,0.0000,0.0000,0.0000,0.0000,0.0000,41.4100,11.8100,4.3800,0.0000,25.4300,0.0000,0.0000,0.0000,21.3900,10.5300,0.0000,0.0000,0.0000,5.5800,4.2500,17.7500,16.6500,12.2500,11.5200,20.8400,0.0000,54.0800,4.2600,1.3900,0.0000,0.0000,0.0000,0.0000,0.0000,0.0000,0.0000,7.5000,0.0000,0.0000,0.0000,0.0000,0.0000,0.0000,0.0000,39.7900,0.0000,0.0000,0.4800,0.0000,0.0000,0.0000,0.0000,0.0000,0.0000,0.0000,0.0000,0.0000,0.0000,0.0000,0.0000,0.0000,0.0000,0.0000,0.0000,0.0000,0.0000,0.0000,0.0000,0.0000,13.2100,31.7800,0.0000,0.0000,0.0000,0.0000,0.0000,0.0000,0.0000,0.0000,0.0000,0.0000,0.0000,0.0000,0.0000,0.0000,0.0000,0.0000,0.0000,0.0000,0.0000,0.0000,0.0000,0.0000,0.0000,0.0000,0.0000,0.0000,0.0000,0.0000,0.0000,9.9294,28.3000,0.0000,0.0000,1642.9479,910.87,0.00,22.6292,0.00,2531.1887
77,BRPL,37DSBRPL2023/09/22,0.0000,0.0000,0.0000,0.0000,0.0000,0.0000,0.0000,0.0000,117.3000,0.0000,0.0000,38.1915,0.0000,0.0000,0.0000,0.0000,32.3200,9.0400,59.1600,0.0000,99.6096,0.0000,0.0000,0.0000,0.0000,0.0000,0.0000,0.0000,0.0000,0.0000,0.0000,0.0000,491.6900,0.0000,0.0000,7.6500,61.2000,49.7900,70.3300,48.6900,19.4800,8.1800,17.8800,11.1200,16.8800,60.1300,0.0000,0.0000,0.0000,0.0000,0.0000,41.4100,17.7100,6.6600,0.0000,25.4300,0.0000,0.0000,0.0000,21.3900,10.5300,0.0000,0.0000,0.0000,5.5800,4.2500,17.7700,16.6500,12.2500,11.5200,20.8400,0.0000,54.0800,4.2600,8.2900,0.0000,0.0000,0.0000,0.0000,0.0000,0.0000,0.0000,8.0600,0.0000,0.0000,0.0000,0.0000,0.0000,0.0000,0.0000,37.8800,0.0000,0.0000,0.0000,0.0000,0.0000,0.0000,0.0000,0.0000,0.0000,0.0000,0.0000,0.0000,0.0000,0.0000,0.0000,0.0000,0.0000,0.0000,0.0000,0.0000,0.0000,0.0000,0.0000,0.0000,12.5200,30.5500,0.0000,0.0000,0.0000,0.0000,0.0000,0.0000,0.0000,0.0000,0.0000,0.0000,0.0000,0.0000,0.0000,0.0000,0.0000,0.0000,0.0000,0.0000,0.0000,0.0000,0.0000,0.0000,0.0000,0.0000,0.0000,0.0000,0.0000,0.0000,0.0000,9.9294,28.3000,0.0000,0.0000,1624.5005,926.67,0.00,22.6059,0.00,2528.5646
78,BRPL,37DSBRPL2023/09/22,0.0000,0.0000,0.0000,0.0000,0.0000,0.0000,0.0000,0.0000,117.3000,0.0000,0.0000,38.1915,0.0000,0.0000,0.0000,0.0000,32.3200,9.0400,59.1600,0.0000,99.6096,0.0000,0.0000,0.0000,0.0000,0.0000,0.0000,0.0000,0.0000,0.0000,0.0000,0.0000,491.6900,0.0000,0.0000,7.6500,61.2000,49.7900,70.3300,48.6900,19.4800,8.1800,17.8800,11.1200,16.8800,60.1300,0.0000,0.0000,0.0000,0.0000,0.0000,41.4100,17.7100,6.6600,0.0000,25.4300,0.0000,0.0000,0.0000,21.3900,10.5300,0.0000,0.0000,0.0000,5.5800,4.2500,17.7700,16.6500,12.2500,11.5200,20.8400,0.0000,54.0800,4.2600,8.2900,0.0000,0.0000,0.0000,0.0000,0.0000,0.0000,0.0000,8.3200,0.0000,0.0000,0.0000,0.0000,0.0000,0.0000,0.0000,35.6700,0.0000,0.0000,0.0000,0.0000,0.0000,0.0000,0.0000,0.0000,0.0000,0.0000,0.0000,0.0000,0.0000,0.0000,0.0000,0.0000,0.0000,0.0000,0.0000,0.0000,0.0000,0.0000,0.0000,0.0000,11.8200,28.8900,0.0000,0.0000,0.0000,0.0000,0.0000,0.0000,0.0000,0.0000,0.0000,0.0000,0.0000,0.0000,0.0000,0.0000,0.0000,0.0000,0.0000,0.0000,0.0000,0.0000,0.0000,0.0000,0.0000,0.0000,0.0000,0.0000,0.0000,0.0000,0.0000,9.9294,28.3000,0.0000,0.0000,1620.1905,945.59,0.00,22.7345,0.00,2543.0460
79,BRPL,37DSBRPL2023/09/22,0.0000,0.0000,0.0000,0.0000,0.0000,0.0000,0.0000,0.0000,117.3000,0.0000,0.0000,38.1915,0.0000,0.0000,0.0000,0.0000,32.3200,9.0400,59.1600,0.0000,132.7757,0.0000,0.0000,0.0000,0.0000,0.0000,0.0000,0.0000,0.0000,0.0000,0.0000,0.0000,491.6900,0.0000,0.0000,7.6500,61.2000,49.7900,70.3300,48.6900,19.4800,8.1800,17.8800,11.1200,16.6000,60.1300,0.0000,0.0000,0.0000,0.0000,0.0000,41.4100,17.7100,6.6600,0.0000,25.4300,0.0000,0.0000,0.0000,21.3900,10.5300,0.0000,0.0000,0.0000,5.5800,4.2500,17.7700,16.6500,12.2500,11.8600,20.8400,0.0000,54.0800,4.2600,8.2900,0.0000,0.0000,0.0000,0.0000,0.0000,0.0000,0.0000,13.9400,0.0000,0.0000,0.0000,0.0000,0.0000,0.0000,0.0000,33.9200,0.0000,0.0000,0.0000,0.0000,0.0000,0.0000,0.0000,0.0000,0.0000,0.0000,0.0000,0.0000,0.0000,0.0000,0.0000,0.0000,0.0000,0.0000,0.0000,0.0000,0.0000,0.0000,0.0000,0.0000,11.1700,27.5500,0.0000,0.0000,0.0000,0.0000,0.0000,0.0000,0.0000,0.0000,0.0000,0.0000,0.0000,0.0000,0.0000,0.0000,0.0000,0.0000,0.0000,0.0000,0.0000,0.0000,0.0000,0.0000,0.0000,0.0000,0.0000,0.0000,0.0000,0.0000,0.0000,9.9294,28.3000,0.0000,0.0000,1655.2966,936.53,0.00,22.9637,0.00,2568.8629
80,BRPL,37DSBRPL2023/09/22,0.0000,0.0000,0.0000,0.0000,0.0000,0.0000,0.0000,0.0000,117.3000,0.0000,0.0000,38.1915,0.0000,0.0000,0.0000,0.0000,32.3200,9.0400,59.1600,0.0000,132.7757,0.0000,0.0000,0.0000,0.0000,0.0000,0.0000,0.0000,0.0000,0.0000,0.0000,0.0000,491.6900,0.0000,0.0000,7.6500,61.2000,49.7900,70.3300,48.6900,19.4800,8.1800,17.8800,11.1200,16.6000,60.1300,0.0000,0.0000,0.0000,0.0000,0.0000,41.4100,17.7100,6.6600,0.0000,25.4300,0.0000,0.0000,0.0000,21.3900,10.5300,0.0000,0.0000,0.0000,5.5800,4.2500,17.7700,16.6500,12.2500,11.8600,20.8400,0.0000,54.0800,4.2600,8.2900,0.0000,0.0000,0.0000,0.0000,0.0000,0.0000,0.0000,13.5400,0.0000,0.0000,0.0000,0.0000,0.0000,0.0000,0.0000,33.2600,0.0000,0.0000,0.0000,0.0000,0.0000,0.0000,0.0000,0.0000,0.0000,0.0000,0.0000,0.0000,0.0000,0.0000,0.0000,0.0000,0.0000,0.0000,0.0000,0.0000,0.0000,0.0000,0.0000,0.0000,10.1600,26.2200,0.0000,0.0000,0.0000,0.0000,0.0000,0.0000,0.0000,0.0000,0.0000,0.0000,0.0000,0.0000,0.0000,0.0000,0.0000,0.0000,0.0000,0.0000,0.0000,0.0000,0.0000,0.0000,0.0000,0.0000,0.0000,0.0000,0.0000,0.0000,0.0000,9.9294,28.3000,0.0000,0.0000,1651.8966,958.56,0.00,23.1276,0.00,2587.3290
81,BRPL,37DSBRPL2023/09/22,0.0000,0.0000,0.0000,0.0000,0.0000,0.0000,0.0000,0.0000,117.3000,0.0000,0.0000,38.1915,0.0000,0.0000,0.0000,0.0000,32.3200,9.0400,59.1600,0.0000,132.7757,0.0000,0.0000,0.0000,0.0000,0.0000,0.0000,0.0000,0.0000,0.0000,0.0000,0.0000,491.6900,0.0000,0.0000,7.6500,61.2000,49.7900,70.3300,48.6900,19.4800,8.1800,17.8800,11.1200,16.4600,60.1300,0.0000,0.0000,0.0000,0.0000,0.0000,41.4100,17.7100,6.6600,0.0000,25.4300,0.0000,0.0000,0.0000,21.3900,10.5300,0.0000,0.0000,0.0000,11.6300,6.8000,17.7700,16.6500,12.2500,11.8600,20.8400,0.0000,53.6400,4.2600,0.4700,0.0000,0.0000,0.0000,0.0000,0.0000,0.0000,0.0000,13.0600,0.0000,0.0000,0.0000,0.0000,0.0000,0.0000,0.0000,32.6200,0.0000,0.0000,0.0000,0.0000,0.0000,0.0000,0.0000,0.0000,0.0000,0.0000,0.0000,0.0000,0.0000,0.0000,0.0000,0.0000,0.0000,0.0000,0.0000,0.0000,0.0000,0.0000,0.0000,0.0000,9.9800,23.6200,0.0000,0.0000,0.0000,0.0000,0.0000,0.0000,0.0000,0.0000,0.0000,0.0000,0.0000,0.0000,0.0000,0.0000,0.0000,0.0000,0.0000,0.0000,0.0000,0.0000,0.0000,0.0000,0.0000,0.0000,0.0000,0.0000,0.0000,0.0000,0.0000,9.9294,28.3000,0.0000,0.0000,1648.1966,973.59,3.00,23.2273,0.00,2601.5593
82,BRPL,37DSBRPL2023/09/22,0.0000,0.0000,0.0000,0.0000,0.0000,0.0000,0.0000,0.0000,117.3000,0.0000,0.0000,38.1915,0.0000,0.0000,0.0000,0.0000,32.3200,9.0400,59.1600,0.0000,132.7757,0.0000,0.0000,0.0000,0.0000,0.0000,0.0000,0.0000,0.0000,0.0000,0.0000,0.0000,491.6900,0.0000,0.0000,7.6500,61.2000,49.7900,70.3300,48.6900,19.4800,8.1800,17.8800,11.1200,16.4600,60.1300,0.0000,0.0000,0.0000,0.0000,0.0000,41.4100,17.7100,6.6600,0.0000,25.4300,0.0000,0.0000,0.0000,21.3900,10.5300,0.0000,0.0000,0.0000,11.6300,6.8000,17.7700,16.6500,12.2500,11.8600,20.8400,0.0000,53.6400,4.2600,0.4700,0.0000,0.0000,0.0000,0.0000,0.0000,0.0000,0.0000,12.5800,0.0000,0.0000,0.0000,0.0000,0.0000,0.0000,0.0000,31.8900,0.0000,0.0000,0.0000,0.0000,0.0000,0.0000,0.0000,0.0000,0.0000,0.0000,0.0000,0.0000,0.0000,0.0000,0.0000,0.0000,0.0000,0.0000,0.0000,0.0000,0.0000,0.0000,0.0000,0.0000,9.9900,23.2000,0.0000,0.0000,0.0000,0.0000,0.0000,0.0000,0.0000,0.0000,0.0000,0.0000,0.0000,0.0000,0.0000,0.0000,0.0000,0.0000,0.0000,0.0000,0.0000,0.0000,0.0000,0.0000,0.0000,0.0000,0.0000,0.0000,0.0000,0.0000,0.0000,9.9294,28.3000,0.0000,0.0000,1646.5766,989.02,7.00,23.3488,0.00,2619.2478
83,BRPL,37DSBRPL2023/09/22,0.0000,0.0000,0.0000,0.0000,0.0000,0.0000,0.0000,0.0000,117.3000,0.0000,0.0000,41.0205,0.0000,0.0000,0.0000,0.0000,32.3200,9.0400,59.1600,0.0000,132.7757,0.0000,0.0000,0.0000,0.0000,0.0000,0.0000,0.0000,0.0000,0.0000,0.0000,0.0000,491.6900,0.0000,0.0000,7.6500,61.2000,49.7900,70.3300,48.9800,19.4800,8.1800,17.8800,11.1200,16.6000,60.1300,0.0000,0.0000,0.0000,0.0000,0.0000,41.4100,17.7100,6.6600,0.0000,25.4300,0.0000,0.0000,0.0000,21.3900,10.5300,0.0000,0.0000,0.0000,11.6300,6.8000,17.7700,16.6500,12.2500,11.8600,20.8400,0.0000,47.8400,4.2600,0.4700,0.0000,0.0000,0.0000,0.0000,0.0000,0.0000,0.0000,11.7800,0.0000,0.0000,0.0000,0.0000,0.0000,0.0000,0.0000,31.8300,0.0000,0.0000,0.0000,0.0000,0.0000,0.0000,0.0000,0.0000,0.0000,0.0000,0.0000,0.0000,0.0000,0.0000,0.0000,0.0000,0.0000,0.0000,0.0000,0.0000,0.0000,0.0000,0.0000,0.0000,9.4800,22.8000,0.0000,0.0000,0.0000,0.0000,0.0000,0.0000,0.0000,0.0000,0.0000,0.0000,0.0000,0.0000,0.0000,0.0000,0.0000,0.0000,0.0000,0.0000,0.0000,0.0000,0.0000,0.0000,0.0000,0.0000,0.0000,0.0000,0.0000,0.0000,0.0000,9.9294,28.3000,0.0000,0.0000,1642.2656,985.48,33.00,23.2797,0.00,2637.4659
84,BRPL,37DSBRPL2023/09/22,0.0000,0.0000,0.0000,0.0000,0.0000,0.0000,0.0000,0.0000,117.3000,0.0000,0.0000,41.0205,0.0000,0.0000,0.0000,0.0000,32.3200,9.0400,59.1600,0.0000,132.7757,0.0000,0.0000,0.0000,0.0000,0.0000,0.0000,0.0000,0.0000,0.0000,0.0000,0.0000,491.6900,0.0000,0.0000,7.6500,61.2000,49.7900,70.3300,49.0000,19.4800,8.1800,17.8800,11.1200,16.6000,60.1300,0.0000,0.0000,0.0000,0.0000,0.0000,40.2300,11.8100,4.4500,0.0000,25.4300,0.0000,0.0000,0.0000,21.3900,10.5300,0.0000,0.0000,0.0000,11.6300,6.8000,11.8200,16.6500,12.2500,11.5200,20.8400,0.0000,47.8400,4.2600,0.4700,0.0000,0.0000,0.0000,0.0000,0.0000,0.0000,0.0000,11.6500,0.0000,0.0000,0.0000,0.0000,0.0000,0.0000,0.0000,30.5200,0.0000,0.0000,0.0000,0.0000,0.0000,0.0000,0.0000,0.0000,0.0000,0.0000,0.0000,0.0000,0.0000,0.0000,0.0000,0.0000,0.0000,0.0000,0.0000,0.0000,0.0000,0.0000,0.0000,0.0000,8.8800,22.4100,0.0000,0.0000,0.0000,0.0000,0.0000,0.0000,0.0000,0.0000,0.0000,0.0000,0.0000,0.0000,0.0000,0.0000,0.0000,0.0000,0.0000,0.0000,0.0000,0.0000,0.0000,0.0000,0.0000,0.0000,0.0000,0.0000,0.0000,0.0000,0.0000,9.9294,28.3000,0.0000,0.0000,1624.2756,976.84,89.00,23.0454,0.00,2667.0702
85,BRPL,37DSBRPL2023/09/22,0.0000,0.0000,0.0000,0.0000,0.0000,0.0000,0.0000,0.0000,117.3000,0.0000,0.0000,41.0205,0.0000,0.0000,0.0000,0.0000,32.3200,9.0400,59.1600,0.0000,132.7757,0.0000,0.0000,0.0000,0.0000,0.0000,0.0000,0.0000,0.0000,0.0000,0.0000,0.0000,491.6900,0.0000,0.0000,7.6500,61.2000,49.7900,70.3300,49.0000,19.4800,8.1800,17.8800,11.1200,16.6000,60.1300,0.0000,0.0000,0.0000,0.0000,0.0000,40.2300,11.8100,4.4500,0.0000,25.4300,0.0000,0.0000,0.0000,21.3900,10.5300,0.0000,0.0000,0.0000,11.6300,6.8000,11.8200,16.6500,12.2500,11.5200,20.8400,0.0000,47.8400,4.2600,0.4700,0.0000,0.0000,0.0000,0.0000,0.0000,0.0000,0.0000,11.8700,0.0000,0.0000,0.0000,0.0000,0.0000,0.0000,0.0000,29.3100,0.0000,0.0000,0.0000,0.0000,0.0000,0.0000,0.0000,0.0000,0.0000,0.0000,0.0000,0.0000,0.0000,0.0000,0.0000,0.0000,0.0000,0.0000,0.0000,0.0000,0.0000,0.0000,0.0000,0.0000,9.0100,21.8500,0.0000,0.0000,0.0000,0.0000,0.0000,0.0000,0.0000,0.0000,0.0000,0.0000,0.0000,0.0000,0.0000,0.0000,0.0000,0.0000,0.0000,0.0000,0.0000,0.0000,0.0000,0.0000,0.0000,0.0000,0.0000,0.0000,0.0000,0.0000,0.0000,9.9294,27.3400,0.0000,0.0000,1621.8956,963.42,93.95,23.1880,0.00,2656.0776
86,BRPL,37DSBRPL2023/09/22,0.0000,0.0000,0.0000,0.0000,0.0000,0.0000,0.0000,0.0000,117.3000,0.0000,0.0000,41.0205,0.0000,0.0000,0.0000,0.0000,32.3200,9.0400,59.1600,0.0000,132.7757,0.0000,0.0000,0.0000,0.0000,0.0000,0.0000,0.0000,0.0000,0.0000,0.0000,0.0000,491.6900,0.0000,0.0000,7.6500,61.2000,49.7900,70.3300,49.0000,19.4800,8.1800,17.8800,11.1200,16.6000,60.1300,0.0000,0.0000,0.0000,0.0000,0.0000,40.2300,11.8100,4.4500,0.0000,25.4300,0.0000,0.0000,0.0000,21.3900,10.5300,0.0000,0.0000,0.0000,11.6300,6.8000,11.8200,16.6500,12.2500,11.5200,20.8400,0.0000,47.8400,4.2600,0.4700,0.0000,0.0000,0.0000,0.0000,0.0000,0.0000,0.0000,9.1300,0.0000,0.0000,0.0000,0.0000,0.0000,0.0000,0.0000,42.0600,0.0000,0.0000,0.0000,0.0000,0.0000,0.0000,0.0000,0.0000,0.0000,0.0000,0.0000,0.0000,0.0000,0.0000,0.0000,0.0000,0.0000,0.0000,0.0000,0.0000,0.0000,0.0000,0.0000,0.0000,13.0700,26.2200,0.0000,0.0000,0.0000,0.0000,0.0000,0.0000,0.0000,0.0000,0.0000,0.0000,0.0000,0.0000,0.0000,0.0000,0.0000,0.0000,0.0000,0.0000,0.0000,0.0000,0.0000,0.0000,0.0000,0.0000,0.0000,0.0000,0.0000,0.0000,0.0000,9.9294,27.3400,0.0000,0.0000,1640.3356,1043.56,52.69,23.9675,0.00,2712.6181
87,BRPL,37DSBRPL2023/09/22,0.0000,0.0000,0.0000,0.0000,0.0000,0.0000,0.0000,0.0000,117.3000,0.0000,0.0000,41.0205,0.0000,0.0000,0.0000,0.0000,32.3200,9.0400,59.1600,0.0000,132.7757,0.0000,0.0000,0.0000,0.0000,0.0000,0.0000,0.0000,0.0000,0.0000,0.0000,0.0000,491.6900,0.0000,0.0000,7.6500,61.2000,49.7900,70.3300,49.0000,19.4800,8.1800,17.8800,11.1200,16.3300,60.1300,0.0000,0.0000,0.0000,0.0000,0.0000,40.2300,11.8100,4.4500,0.0000,25.4300,0.0000,0.0000,0.0000,21.3900,10.5300,0.0000,0.0000,0.0000,8.3800,6.8000,11.8200,16.6500,12.2500,11.5200,20.8400,0.0000,47.8400,4.2600,0.9300,0.0000,0.0000,0.0000,0.0000,0.0000,0.0000,0.0000,8.9300,0.0000,0.0000,0.0000,0.0000,0.0000,0.0000,0.0000,41.2800,0.0000,0.0000,0.0000,0.0000,0.0000,0.0000,0.0000,0.0000,0.0000,0.0000,0.0000,0.0000,0.0000,0.0000,0.0000,0.0000,0.0000,0.0000,0.0000,0.0000,0.0000,0.0000,0.0000,0.0000,13.0200,25.5500,0.0000,0.0000,0.0000,0.0000,0.0000,0.0000,0.0000,0.0000,0.0000,0.0000,0.0000,0.0000,0.0000,0.0000,0.0000,0.0000,0.0000,0.0000,0.0000,0.0000,0.0000,0.0000,0.0000,0.0000,0.0000,0.0000,0.0000,0.0000,0.0000,9.9294,27.3400,0.0000,0.0000,1635.5756,1093.55,17.94,24.4007,0.00,2722.6649
88,BRPL,37DSBRPL2023/09/22,0.0000,0.0000,0.0000,0.0000,0.0000,0.0000,0.0000,0.0000,117.3000,0.0000,0.0000,41.0205,0.0000,0.0000,0.0000,0.0000,32.3200,9.0400,59.1600,0.0000,132.7757,0.0000,0.0000,0.0000,0.0000,0.0000,0.0000,0.0000,0.0000,0.0000,0.0000,0.0000,491.6900,0.0000,0.0000,7.6500,61.2000,49.7900,70.3300,49.0000,19.4800,8.1800,17.8800,11.1200,16.3300,60.1300,0.0000,0.0000,0.0000,0.0000,0.0000,41.4100,17.7100,4.4500,0.0000,25.4300,0.0000,0.0000,0.0000,21.3900,10.5300,0.0000,0.0000,0.0000,8.3800,5.6700,17.7700,16.6500,12.2500,11.5200,20.8400,0.0000,47.8400,4.2600,1.3900,0.0000,0.0000,0.0000,0.0000,0.0000,0.0000,0.0000,8.6700,0.0000,0.0000,0.0000,0.0000,0.0000,0.0000,0.0000,40.7500,0.0000,0.0000,0.0000,0.0000,0.0000,0.0000,0.0000,0.0000,0.0000,0.0000,0.0000,0.0000,0.0000,0.0000,0.0000,0.0000,0.0000,0.0000,0.0000,0.0000,0.0000,0.0000,0.0000,0.0000,12.6600,24.8800,0.0000,0.0000,0.0000,0.0000,0.0000,0.0000,0.0000,0.0000,0.0000,0.0000,0.0000,0.0000,0.0000,0.0000,0.0000,0.0000,0.0000,0.0000,0.0000,0.0000,0.0000,0.0000,0.0000,0.0000,0.0000,0.0000,0.0000,0.0000,0.0000,9.9294,27.3400,0.0000,0.0000,1646.1156,1143.05,0.00,24.9466,0.00,2764.2190
89,BRPL,37DSBRPL2023/09/22,0.0000,0.0000,0.0000,0.0000,0.0000,0.0000,0.0000,0.0000,117.3000,0.0000,0.0000,41.0205,0.0000,0.0000,0.0000,0.0000,32.3200,9.0400,59.1600,0.0000,134.4890,0.0000,0.0000,0.0000,0.0000,0.0000,0.0000,0.0000,0.0000,0.0000,0.0000,0.0000,491.6900,0.0000,0.0000,7.6500,61.2000,49.7900,70.3300,49.3000,19.4800,8.1800,17.8800,11.1200,16.3300,60.1300,0.0000,0.0000,0.0000,0.0000,0.0000,41.4100,17.7100,4.4500,0.0000,25.4300,0.0000,0.0000,0.0000,21.3900,10.5300,0.0000,0.0000,0.0000,8.3800,5.6700,17.7700,16.6500,12.2500,11.5200,20.8400,0.0000,47.8400,4.2600,8.2900,0.0000,0.0000,0.0000,0.0000,0.0000,0.0000,0.0000,8.4700,0.0000,0.0000,0.0000,0.0000,0.0000,0.0000,0.0000,40.7100,0.0000,0.0000,0.0000,0.0000,0.0000,0.0000,0.0000,0.0000,0.0000,0.0000,0.0000,0.0000,0.0000,0.0000,0.0000,0.0000,0.0000,0.0000,0.0000,0.0000,0.0000,0.0000,0.0000,0.0000,12.3200,24.2200,0.0000,0.0000,0.0000,0.0000,0.0000,0.0000,0.0000,0.0000,0.0000,0.0000,0.0000,0.0000,0.0000,0.0000,0.0000,0.0000,0.0000,0.0000,0.0000,0.0000,0.0000,0.0000,0.0000,0.0000,0.0000,0.0000,0.0000,0.0000,0.0000,9.9294,29.4100,0.0000,0.0000,1655.8589,1178.52,0.00,26.0133,0.00,2808.3656
90,BRPL,37DSBRPL2023/09/22,0.0000,0.0000,0.0000,0.0000,0.0000,0.0000,0.0000,0.0000,117.3000,0.0000,0.0000,43.0008,0.0000,0.0000,0.0000,0.0000,32.3200,9.0400,59.1600,0.0000,134.4890,0.0000,0.0000,0.0000,0.0000,0.0000,0.0000,0.0000,0.0000,0.0000,0.0000,0.0000,491.6900,0.0000,0.0000,7.6500,61.2000,49.7900,70.3300,49.3200,19.4800,8.1800,17.8800,11.1200,16.3300,60.1300,0.0000,0.0000,0.0000,0.0000,0.0000,41.4100,17.7100,4.4500,0.0000,25.4300,0.0000,0.0000,0.0000,21.3900,10.5300,0.0000,0.0000,0.0000,8.3800,5.6700,17.7700,16.6500,12.2500,11.5200,20.8400,0.0000,47.8400,4.2600,8.2900,0.0000,0.0000,0.0000,0.0000,0.0000,0.0000,0.0000,7.3700,0.0000,0.0000,0.0000,0.0000,0.0000,0.0000,0.0000,40.4000,0.0000,0.0000,0.0000,0.0000,0.0000,0.0000,0.0000,0.0000,0.0000,0.0000,0.0000,0.0000,0.0000,0.0000,0.0000,0.0000,0.0000,0.0000,0.0000,0.0000,0.0000,0.0000,0.0000,0.0000,11.8000,23.5400,0.0000,0.0000,0.0000,0.0000,0.0000,0.0000,0.0000,0.0000,0.0000,0.0000,0.0000,0.0000,0.0000,0.0000,0.0000,0.0000,0.0000,0.0000,0.0000,0.0000,0.0000,0.0000,0.0000,0.0000,0.0000,0.0000,0.0000,0.0000,0.0000,9.9294,29.4100,0.0000,0.0000,1655.2492,1215.12,0.00,25.8548,0.00,2844.5144
91,BRPL,37DSBRPL2023/09/22,0.0000,0.0000,0.0000,0.0000,0.0000,0.0000,0.0000,0.0000,117.3000,0.0000,0.0000,43.0008,0.0000,0.0000,0.0000,0.0000,32.3200,9.0400,59.1600,0.0000,134.4890,0.0000,0.0000,0.0000,0.0000,0.0000,0.0000,0.0000,0.0000,0.0000,0.0000,0.0000,491.6900,0.0000,0.0000,7.6500,61.2000,49.7900,70.3300,49.3200,19.4800,8.1800,17.8800,11.1200,16.3300,60.1300,0.0000,0.0000,0.0000,0.0000,0.0000,41.4100,17.7100,4.4500,0.0000,25.4300,0.0000,0.0000,0.0000,21.3900,10.5300,0.0000,0.0000,0.0000,8.3800,5.6700,17.7700,16.6500,12.2500,11.5200,20.8400,0.0000,47.8400,4.2600,8.2900,0.0000,0.0000,0.0000,0.0000,0.0000,0.0000,0.0000,7.3800,0.0000,0.0000,0.0000,0.0000,0.0000,0.0000,0.0000,40.0200,0.0000,0.0000,0.0000,0.0000,0.0000,0.0000,0.0000,0.0000,0.0000,0.0000,0.0000,0.0000,0.0000,0.0000,0.0000,0.0000,0.0000,0.0000,0.0000,0.0000,0.0000,0.0000,0.0000,0.0000,11.3200,32.7100,0.0000,0.0000,0.0000,0.0000,0.0000,0.0000,0.0000,0.0000,0.0000,0.0000,0.0000,0.0000,0.0000,0.0000,0.0000,0.0000,0.0000,0.0000,0.0000,0.0000,0.0000,0.0000,0.0000,0.0000,0.0000,0.0000,0.0000,0.0000,0.0000,9.9294,29.4100,0.0000,0.0000,1663.5692,1185.30,0.00,26.5280,0.00,2822.3412
92,BRPL,37DSBRPL2023/09/22,0.0000,0.0000,0.0000,0.0000,0.0000,0.0000,0.0000,0.0000,117.3000,0.0000,0.0000,43.0008,0.0000,0.0000,0.0000,0.0000,32.3200,9.0400,59.1600,0.0000,134.4890,0.0000,0.0000,0.0000,0.0000,0.0000,0.0000,0.0000,0.0000,0.0000,0.0000,0.0000,491.6900,0.0000,0.0000,7.6500,61.2000,49.7900,70.3300,49.3200,19.4800,8.1800,17.8800,11.1200,16.3300,60.1300,0.0000,0.0000,0.0000,0.0000,0.0000,40.2300,17.7100,4.4500,0.0000,25.4300,0.0000,0.0000,0.0000,21.3900,10.5300,0.0000,0.0000,0.0000,8.3800,5.6700,17.7700,16.6500,12.2500,11.5200,20.8400,0.0000,47.8400,4.2600,8.2900,0.0000,0.0000,0.0000,0.0000,0.0000,0.0000,0.0000,7.2000,0.0000,0.0000,0.0000,0.0000,0.0000,0.0000,0.0000,39.6500,0.0000,0.0000,0.0000,0.0000,0.0000,0.0000,0.0000,0.0000,0.0000,0.0000,0.0000,0.0000,0.0000,0.0000,0.0000,0.0000,0.0000,0.0000,0.0000,0.0000,0.0000,0.0000,0.0000,0.0000,11.2100,32.0500,0.0000,0.0000,0.0000,0.0000,0.0000,0.0000,0.0000,0.0000,0.0000,0.0000,0.0000,0.0000,0.0000,0.0000,0.0000,0.0000,0.0000,0.0000,0.0000,0.0000,0.0000,0.0000,0.0000,0.0000,0.0000,0.0000,0.0000,0.0000,0.0000,9.9294,29.4100,0.0000,0.0000,1661.0692,1203.42,0.00,26.2431,0.00,2838.2461
93,BRPL,37DSBRPL2023/09/22,0.0000,0.0000,0.0000,0.0000,0.0000,0.0000,0.0000,0.0000,117.3000,0.0000,0.0000,43.0008,0.0000,0.0000,0.0000,0.0000,32.3200,9.0400,49.3000,0.0000,134.4890,0.0000,0.0000,0.0000,0.0000,0.0000,0.0000,0.0000,0.0000,0.0000,0.0000,0.0000,491.6900,0.0000,0.0000,7.6500,61.2000,49.7900,70.3300,49.3200,19.4800,8.1800,17.8800,11.1200,16.4600,60.1300,0.0000,0.0000,0.0000,0.0000,0.0000,40.2300,11.8100,4.4500,0.0000,25.4300,0.0000,0.0000,0.0000,21.3900,10.5300,0.0000,0.0000,0.0000,8.3800,5.6700,11.8200,16.6500,8.1600,11.5200,20.8400,0.0000,40.7600,4.2600,0.4700,0.0000,0.0000,0.0000,0.0000,0.0000,0.0000,0.0000,7.2000,0.0000,0.0000,0.0000,0.0000,0.0000,0.0000,0.0000,39.5500,0.0000,0.0000,0.0000,0.0000,0.0000,0.0000,0.0000,0.0000,0.0000,0.0000,0.0000,0.0000,0.0000,0.0000,0.0000,0.0000,0.0000,0.0000,0.0000,0.0000,0.0000,0.0000,0.0000,0.0000,11.1200,31.4000,0.0000,0.0000,0.0000,0.0000,0.0000,0.0000,0.0000,0.0000,0.0000,0.0000,0.0000,0.0000,0.0000,0.0000,0.0000,0.0000,0.0000,0.0000,0.0000,0.0000,0.0000,0.0000,0.0000,0.0000,0.0000,0.0000,0.0000,0.0000,0.0000,9.9294,29.4500,0.0000,0.0000,1619.6992,1242.87,0.00,25.3462,0.00,2837.2230
94,BRPL,37DSBRPL2023/09/22,0.0000,0.0000,0.0000,0.0000,0.0000,0.0000,0.0000,0.0000,117.3000,0.0000,0.0000,43.0008,0.0000,0.0000,0.0000,0.0000,32.3200,9.0400,49.3000,0.0000,134.4890,0.0000,0.0000,0.0000,0.0000,0.0000,0.0000,0.0000,0.0000,0.0000,0.0000,0.0000,491.6900,0.0000,0.0000,7.6500,61.2000,49.7900,70.3300,49.3200,19.4800,8.1800,17.8800,11.1200,16.4600,60.1300,0.0000,0.0000,0.0000,0.0000,0.0000,40.2300,5.9100,2.1900,0.0000,25.4300,0.0000,0.0000,0.0000,21.3900,10.5300,0.0000,0.0000,0.0000,8.3800,5.6700,11.8200,16.6500,8.1600,11.5200,20.8400,0.0000,40.7600,4.2600,0.4700,0.0000,0.0000,0.0000,0.0000,0.0000,0.0000,0.0000,7.2000,0.0000,0.0000,0.0000,0.0000,0.0000,0.0000,0.0000,39.1000,0.0000,0.0000,0.0000,0.0000,0.0000,0.0000,0.0000,0.0000,0.0000,0.0000,0.0000,0.0000,0.0000,0.0000,0.0000,0.0000,0.0000,0.0000,0.0000,0.0000,0.0000,0.0000,0.0000,0.0000,11.1000,36.7300,0.0000,0.0000,0.0000,0.0000,0.0000,0.0000,0.0000,0.0000,0.0000,0.0000,0.0000,0.0000,0.0000,0.0000,0.0000,0.0000,0.0000,0.0000,0.0000,0.0000,0.0000,0.0000,0.0000,0.0000,0.0000,0.0000,0.0000,0.0000,0.0000,9.9294,29.4500,0.0000,0.0000,1616.3992,1243.54,0.00,25.3230,0.00,2834.6162
95,BRPL,37DSBRPL2023/09/22,0.0000,0.0000,0.0000,0.0000,0.0000,0.0000,0.0000,0.0000,117.3000,0.0000,0.0000,43.0008,0.0000,0.0000,0.0000,0.0000,32.3200,9.0400,49.3000,0.0000,134.4890,0.0000,0.0000,0.0000,0.0000,0.0000,0.0000,0.0000,0.0000,0.0000,0.0000,0.0000,491.6900,0.0000,0.0000,7.6500,61.2000,49.7900,70.3300,49.3200,19.4800,8.1800,17.8800,11.1200,16.4600,60.1300,0.0000,0.0000,0.0000,0.0000,0.0000,40.2300,5.9100,0.0000,0.0000,25.4300,0.0000,0.0000,0.0000,21.3900,10.5300,0.0000,0.0000,0.0000,5.5800,4.5400,11.8200,16.6500,8.1600,11.5200,20.8400,0.0000,40.7600,4.2600,0.4700,0.0000,0.0000,0.0000,0.0000,0.0000,0.0000,0.0000,7.2000,0.0000,0.0000,0.0000,0.0000,0.0000,0.0000,0.0000,38.7600,0.0000,0.0000,0.0000,0.0000,0.0000,0.0000,0.0000,0.0000,0.0000,0.0000,0.0000,0.0000,0.0000,0.0000,0.0000,0.0000,0.0000,0.0000,0.0000,0.0000,0.0000,0.0000,0.0000,0.0000,10.9900,36.4200,0.0000,0.0000,0.0000,0.0000,0.0000,0.0000,0.0000,0.0000,0.0000,0.0000,0.0000,0.0000,0.0000,0.0000,0.0000,0.0000,0.0000,0.0000,0.0000,0.0000,0.0000,0.0000,0.0000,0.0000,0.0000,0.0000,0.0000,0.0000,0.0000,9.9294,29.4500,0.0000,0.0000,1609.5192,1220.49,0.00,25.2357,0.00,2804.7735
96,BRPL,37DSBRPL2023/09/22,0.0000,0.0000,0.0000,0.0000,0.0000,0.0000,0.0000,0.0000,117.3000,0.0000,0.0000,43.0008,0.0000,0.0000,0.0000,0.0000,32.3200,9.0400,49.3000,0.0000,134.4890,0.0000,0.0000,0.0000,0.0000,0.0000,0.0000,0.0000,0.0000,0.0000,0.0000,0.0000,491.6900,0.0000,0.0000,7.6500,61.2000,49.7900,70.3300,49.3200,19.4800,8.1800,17.8800,11.1200,16.4600,60.1300,0.0000,0.0000,0.0000,0.0000,0.0000,40.2300,5.9100,0.0000,0.0000,25.4300,0.0000,0.0000,0.0000,21.3900,10.5300,0.0000,0.0000,0.0000,5.5800,5.6700,11.8200,16.6500,8.1600,11.5200,20.8400,0.0000,41.5900,4.2600,0.4700,0.0000,0.0000,0.0000,0.0000,0.0000,0.0000,0.0000,7.2000,0.0000,0.0000,0.0000,0.0000,0.0000,0.0000,0.0000,38.4100,0.0000,0.0000,0.0000,0.0000,0.0000,0.0000,0.0000,0.0000,0.0000,0.0000,0.0000,0.0000,0.0000,0.0000,0.0000,0.0000,0.0000,0.0000,0.0000,0.0000,0.0000,0.0000,0.0000,0.0000,10.8400,35.7600,0.0000,0.0000,0.0000,0.0000,0.0000,0.0000,0.0000,0.0000,0.0000,0.0000,0.0000,0.0000,0.0000,0.0000,0.0000,0.0000,0.0000,0.0000,0.0000,0.0000,0.0000,0.0000,0.0000,0.0000,0.0000,0.0000,0.0000,0.0000,0.0000,9.9294,29.4500,0.0000,0.0000,1610.3192,1184.34,0.00,25.2062,0.00,2769.4530
,,,,,,,,,,,,,,,,,,,,,,,,,,,,,,,,,,,,,,,,,,,,,,,,,,,,,,,,,,,,,,,,,,,,,,,,,,,,,,,,,,,,,,,,,,,,,,,,,,,,,,,,,,,,,,,,,,,,,,,,,,,,,,,,,,,,,,,,,,,,,,,,,,,,,,,,,1581.6583,1114.02,0.00,24.7224,0.00,2670.9559
,,,,,,,,,,,,,,,,,,,,,,,,,,,,,,,,,,,,,,,,,,,,,,,,,,,,,,,,,,,,,,,,,,,,,,,,,,,,,,,,,,,,,,,,,,,,,,,,,,,,,,,,,,,,,,,,,,,,,,,,,,,,,,,,,,,,,,,,,,,,,,,,,,,,,,,,,1581.8283,1074.71,0.00,24.3603,0.00,2632.1780
,,,,,,,,,,,,,,,,,,,,,,,,,,,,,,,,,,,,,,,,,,,,,,,,,,,,,,,,,,,,,,,,,,,,,,,,,,,,,,,,,,,,,,,,,,,,,,,,,,,,,,,,,,,,,,,,,,,,,,,,,,,,,,,,,,,,,,,,,,,,,,,,,,,,,,,,,1555.0583,1080.11,0.00,23.9083,0.00,2611.2600
,,,,,,,,,,,,,,,,,,,,,,,,,,,,,,,,,,,,,,,,,,,,,,,,,,,,,,,,,,,,,,,,,,,,,,,,,,,,,,,,,,,,,,,,,,,,,,,,,,,,,,,,,,,,,,,,,,,,,,,,,,,,,,,,,,,,,,,,,,,,,,,,,,,,,,,,,1550.2983,1040.65,0.00,23.5719,0.00,2567.3764
,,,,,,,,,,,,,,,,,,,,,,,,,,,,,,,,,,,,,,,,,,,,,,,,,,,,,,,,,,,,,,,,,,,,,,,,,,,,,,,,,,,,,,,,,,,,,,,,,,,,,,,,,,,,,,,,,,,,,,,,,,,,,,,,,,,,,,,,,,,,,,,,,,,,,,,,,1540.5983,998.87,0.00,22.5029,0.00,2516.9654
,,,,,,,,,,,,,,,,,,,,,,,,,,,,,,,,,,,,,,,,,,,,,,,,,,,,,,,,,,,,,,,,,,,,,,,,,,,,,,,,,,,,,,,,,,,,,,,,,,,,,,,,,,,,,,,,,,,,,,,,,,,,,,,,,,,,,,,,,,,,,,,,,,,,,,,,,1529.8583,973.91,0.00,22.1887,0.00,2481.5796
,,,,,,,,,,,,,,,,,,,,,,,,,,,,,,,,,,,,,,,,,,,,,,,,,,,,,,,,,,,,,,,,,,,,,,,,,,,,,,,,,,,,,,,,,,,,,,,,,,,,,,,,,,,,,,,,,,,,,,,,,,,,,,,,,,,,,,,,,,,,,,,,,,,,,,,,,1499.8183,924.97,0.00,21.4937,0.00,2403.2946
,,,,,,,,,,,,,,,,,,,,,,,,,,,,,,,,,,,,,,,,,,,,,,,,,,,,,,,,,,,,,,,,,,,,,,,,,,,,,,,,,,,,,,,,,,,,,,,,,,,,,,,,,,,,,,,,,,,,,,,,,,,,,,,,,,,,,,,,,,,,,,,,,,,,,,,,,1499.7983,893.30,0.00,21.2148,0.00,2371.8835
,,,,,,,,,,,,,,,,,,,,,,,,,,,,,,,,,,,,,,,,,,,,,,,,,,,,,,,,,,,,,,,,,,,,,,,,,,,,,,,,,,,,,,,,,,,,,,,,,,,,,,,,,,,,,,,,,,,,,,,,,,,,,,,,,,,,,,,,,,,,,,,,,,,,,,,,,1497.8983,859.66,0.00,20.9021,0.00,2336.6562
,,,,,,,,,,,,,,,,,,,,,,,,,,,,,,,,,,,,,,,,,,,,,,,,,,,,,,,,,,,,,,,,,,,,,,,,,,,,,,,,,,,,,,,,,,,,,,,,,,,,,,,,,,,,,,,,,,,,,,,,,,,,,,,,,,,,,,,,,,,,,,,,,,,,,,,,,1494.2783,820.99,0.00,20.6531,0.00,2294.6152
,,,,,,,,,,,,,,,,,,,,,,,,,,,,,,,,,,,,,,,,,,,,,,,,,,,,,,,,,,,,,,,,,,,,,,,,,,,,,,,,,,,,,,,,,,,,,,,,,,,,,,,,,,,,,,,,,,,,,,,,,,,,,,,,,,,,,,,,,,,,,,,,,,,,,,,,,1519.8669,785.76,0.00,20.4451,0.00,2285.1818
,,,,,,,,,,,,,,,,,,,,,,,,,,,,,,,,,,,,,,,,,,,,,,,,,,,,,,,,,,,,,,,,,,,,,,,,,,,,,,,,,,,,,,,,,,,,,,,,,,,,,,,,,,,,,,,,,,,,,,,,,,,,,,,,,,,,,,,,,,,,,,,,,,,,,,,,,1518.0569,754.10,0.00,20.1506,0.00,2252.0063
,,,,,,,,,,,,,,,,,,,,,,,,,,,,,,,,,,,,,,,,,,,,,,,,,,,,,,,,,,,,,,,,,,,,,,,,,,,,,,,,,,,,,,,,,,,,,,,,,,,,,,,,,,,,,,,,,,,,,,,,,,,,,,,,,,,,,,,,,,,,,,,,,,,,,,,,,1506.1248,709.51,0.00,19.8468,0.00,2195.7880
,,,,,,,,,,,,,,,,,,,,,,,,,,,,,,,,,,,,,,,,,,,,,,,,,,,,,,,,,,,,,,,,,,,,,,,,,,,,,,,,,,,,,,,,,,,,,,,,,,,,,,,,,,,,,,,,,,,,,,,,,,,,,,,,,,,,,,,,,,,,,,,,,,,,,,,,,1496.5748,688.15,0.00,19.6804,0.00,2165.0444
,,,,,,,,,,,,,,,,,,,,,,,,,,,,,,,,,,,,,,,,,,,,,,,,,,,,,,,,,,,,,,,,,,,,,,,,,,,,,,,,,,,,,,,,,,,,,,,,,,,,,,,,,,,,,,,,,,,,,,,,,,,,,,,,,,,,,,,,,,,,,,,,,,,,,,,,,1495.7848,659.20,0.00,19.4891,0.00,2135.4957
,,,,,,,,,,,,,,,,,,,,,,,,,,,,,,,,,,,,,,,,,,,,,,,,,,,,,,,,,,,,,,,,,,,,,,,,,,,,,,,,,,,,,,,,,,,,,,,,,,,,,,,,,,,,,,,,,,,,,,,,,,,,,,,,,,,,,,,,,,,,,,,,,,,,,,,,,1498.0748,632.61,0.00,19.1520,0.00,2111.5328
,,,,,,,,,,,,,,,,,,,,,,,,,,,,,,,,,,,,,,,,,,,,,,,,,,,,,,,,,,,,,,,,,,,,,,,,,,,,,,,,,,,,,,,,,,,,,,,,,,,,,,,,,,,,,,,,,,,,,,,,,,,,,,,,,,,,,,,,,,,,,,,,,,,,,,,,,1487.1248,647.57,0.00,18.9409,0.00,2115.7539
,,,,,,,,,,,,,,,,,,,,,,,,,,,,,,,,,,,,,,,,,,,,,,,,,,,,,,,,,,,,,,,,,,,,,,,,,,,,,,,,,,,,,,,,,,,,,,,,,,,,,,,,,,,,,,,,,,,,,,,,,,,,,,,,,,,,,,,,,,,,,,,,,,,,,,,,,1478.5448,634.13,0.00,18.7471,0.00,2093.9277
,,,,,,,,,,,,,,,,,,,,,,,,,,,,,,,,,,,,,,,,,,,,,,,,,,,,,,,,,,,,,,,,,,,,,,,,,,,,,,,,,,,,,,,,,,,,,,,,,,,,,,,,,,,,,,,,,,,,,,,,,,,,,,,,,,,,,,,,,,,,,,,,,,,,,,,,,1479.4048,614.94,0.00,18.5858,0.00,2075.7590
,,,,,,,,,,,,,,,,,,,,,,,,,,,,,,,,,,,,,,,,,,,,,,,,,,,,,,,,,,,,,,,,,,,,,,,,,,,,,,,,,,,,,,,,,,,,,,,,,,,,,,,,,,,,,,,,,,,,,,,,,,,,,,,,,,,,,,,,,,,,,,,,,,,,,,,,,1476.5648,602.46,0.00,18.4510,0.00,2060.5738
,,,,,,,,,,,,,,,,,,,,,,,,,,,,,,,,,,,,,,,,,,,,,,,,,,,,,,,,,,,,,,,,,,,,,,,,,,,,,,,,,,,,,,,,,,,,,,,,,,,,,,,,,,,,,,,,,,,,,,,,,,,,,,,,,,,,,,,,,,,,,,,,,,,,,,,,,1496.6748,580.39,0.00,18.4338,0.00,2058.6310
,,,,,,,,,,,,,,,,,,,,,,,,,,,,,,,,,,,,,,,,,,,,,,,,,,,,,,,,,,,,,,,,,,,,,,,,,,,,,,,,,,,,,,,,,,,,,,,,,,,,,,,,,,,,,,,,,,,,,,,,,,,,,,,,,,,,,,,,,,,,,,,,,,,,,,,,,1500.3048,550.64,0.00,18.2039,0.00,2032.7409
,,,,,,,,,,,,,,,,,,,,,,,,,,,,,,,,,,,,,,,,,,,,,,,,,,,,,,,,,,,,,,,,,,,,,,,,,,,,,,,,,,,,,,,,,,,,,,,,,,,,,,,,,,,,,,,,,,,,,,,,,,,,,,,,,,,,,,,,,,,,,,,,,,,,,,,,,1515.3607,507.64,0.00,18.2924,0.00,2004.7083
,,,,,,,,,,,,,,,,,,,,,,,,,,,,,,,,,,,,,,,,,,,,,,,,,,,,,,,,,,,,,,,,,,,,,,,,,,,,,,,,,,,,,,,,,,,,,,,,,,,,,,,,,,,,,,,,,,,,,,,,,,,,,,,,,,,,,,,,,,,,,,,,,,,,,,,,,1526.7907,472.89,0.00,18.1752,0.00,1981.5055
,,,,,,,,,,,,,,,,,,,,,,,,,,,,,,,,,,,,,,,,,,,,,,,,,,,,,,,,,,,,,,,,,,,,,,,,,,,,,,,,,,,,,,,,,,,,,,,,,,,,,,,,,,,,,,,,,,,,,,,,,,,,,,,,,,,,,,,,,,,,,,,,,,,,,,,,,1550.3735,423.35,19.00,17.9414,0.00,1974.7821
,,,,,,,,,,,,,,,,,,,,,,,,,,,,,,,,,,,,,,,,,,,,,,,,,,,,,,,,,,,,,,,,,,,,,,,,,,,,,,,,,,,,,,,,,,,,,,,,,,,,,,,,,,,,,,,,,,,,,,,,,,,,,,,,,,,,,,,,,,,,,,,,,,,,,,,,,1566.7534,422.52,0.00,17.5577,0.00,1971.7157
,,,,,,,,,,,,,,,,,,,,,,,,,,,,,,,,,,,,,,,,,,,,,,,,,,,,,,,,,,,,,,,,,,,,,,,,,,,,,,,,,,,,,,,,,,,,,,,,,,,,,,,,,,,,,,,,,,,,,,,,,,,,,,,,,,,,,,,,,,,,,,,,,,,,,,,,,1586.5582,388.87,0.00,17.3758,0.00,1958.0524
,,,,,,,,,,,,,,,,,,,,,,,,,,,,,,,,,,,,,,,,,,,,,,,,,,,,,,,,,,,,,,,,,,,,,,,,,,,,,,,,,,,,,,,,,,,,,,,,,,,,,,,,,,,,,,,,,,,,,,,,,,,,,,,,,,,,,,,,,,,,,,,,,,,,,,,,,1607.1384,354.32,0.00,17.0945,0.00,1944.3639
,,,,,,,,,,,,,,,,,,,,,,,,,,,,,,,,,,,,,,,,,,,,,,,,,,,,,,,,,,,,,,,,,,,,,,,,,,,,,,,,,,,,,,,,,,,,,,,,,,,,,,,,,,,,,,,,,,,,,,,,,,,,,,,,,,,,,,,,,,,,,,,,,,,,,,,,,1642.5687,299.62,0.00,16.8672,0.00,1925.3215
,,,,,,,,,,,,,,,,,,,,,,,,,,,,,,,,,,,,,,,,,,,,,,,,,,,,,,,,,,,,,,,,,,,,,,,,,,,,,,,,,,,,,,,,,,,,,,,,,,,,,,,,,,,,,,,,,,,,,,,,,,,,,,,,,,,,,,,,,,,,,,,,,,,,,,,,,1661.1882,269.14,0.00,17.0647,0.00,1913.2635
,,,,,,,,,,,,,,,,,,,,,,,,,,,,,,,,,,,,,,,,,,,,,,,,,,,,,,,,,,,,,,,,,,,,,,,,,,,,,,,,,,,,,,,,,,,,,,,,,,,,,,,,,,,,,,,,,,,,,,,,,,,,,,,,,,,,,,,,,,,,,,,,,,,,,,,,,1679.0505,287.14,0.00,17.0337,0.00,1949.1568
,,,,,,,,,,,,,,,,,,,,,,,,,,,,,,,,,,,,,,,,,,,,,,,,,,,,,,,,,,,,,,,,,,,,,,,,,,,,,,,,,,,,,,,,,,,,,,,,,,,,,,,,,,,,,,,,,,,,,,,,,,,,,,,,,,,,,,,,,,,,,,,,,,,,,,,,,1677.7007,287.14,0.00,17.0087,0.00,1947.8320
,,,,,,,,,,,,,,,,,,,,,,,,,,,,,,,,,,,,,,,,,,,,,,,,,,,,,,,,,,,,,,,,,,,,,,,,,,,,,,,,,,,,,,,,,,,,,,,,,,,,,,,,,,,,,,,,,,,,,,,,,,,,,,,,,,,,,,,,,,,,,,,,,,,,,,,,,1646.5046,330.32,0.00,17.0918,0.00,1959.7328
,,,,,,,,,,,,,,,,,,,,,,,,,,,,,,,,,,,,,,,,,,,,,,,,,,,,,,,,,,,,,,,,,,,,,,,,,,,,,,,,,,,,,,,,,,,,,,,,,,,,,,,,,,,,,,,,,,,,,,,,,,,,,,,,,,,,,,,,,,,,,,,,,,,,,,,,,1660.6650,347.61,0.00,17.3591,0.00,1990.9159
,,,,,,,,,,,,,,,,,,,,,,,,,,,,,,,,,,,,,,,,,,,,,,,,,,,,,,,,,,,,,,,,,,,,,,,,,,,,,,,,,,,,,,,,,,,,,,,,,,,,,,,,,,,,,,,,,,,,,,,,,,,,,,,,,,,,,,,,,,,,,,,,,,,,,,,,,1680.4450,337.10,0.00,17.4315,0.00,2000.1135
,,,,,,,,,,,,,,,,,,,,,,,,,,,,,,,,,,,,,,,,,,,,,,,,,,,,,,,,,,,,,,,,,,,,,,,,,,,,,,,,,,,,,,,,,,,,,,,,,,,,,,,,,,,,,,,,,,,,,,,,,,,,,,,,,,,,,,,,,,,,,,,,,,,,,,,,,1697.9550,353.42,0.00,17.7202,0.00,2033.6548
,,,,,,,,,,,,,,,,,,,,,,,,,,,,,,,,,,,,,,,,,,,,,,,,,,,,,,,,,,,,,,,,,,,,,,,,,,,,,,,,,,,,,,,,,,,,,,,,,,,,,,,,,,,,,,,,,,,,,,,,,,,,,,,,,,,,,,,,,,,,,,,,,,,,,,,,,1749.0147,335.23,0.00,18.0010,0.00,2066.2437
,,,,,,,,,,,,,,,,,,,,,,,,,,,,,,,,,,,,,,,,,,,,,,,,,,,,,,,,,,,,,,,,,,,,,,,,,,,,,,,,,,,,,,,,,,,,,,,,,,,,,,,,,,,,,,,,,,,,,,,,,,,,,,,,,,,,,,,,,,,,,,,,,,,,,,,,,1806.1647,338.11,0.00,18.5213,0.00,2125.7534
,,,,,,,,,,,,,,,,,,,,,,,,,,,,,,,,,,,,,,,,,,,,,,,,,,,,,,,,,,,,,,,,,,,,,,,,,,,,,,,,,,,,,,,,,,,,,,,,,,,,,,,,,,,,,,,,,,,,,,,,,,,,,,,,,,,,,,,,,,,,,,,,,,,,,,,,,1862.6247,327.56,0.00,18.9181,0.00,2171.2666
,,,,,,,,,,,,,,,,,,,,,,,,,,,,,,,,,,,,,,,,,,,,,,,,,,,,,,,,,,,,,,,,,,,,,,,,,,,,,,,,,,,,,,,,,,,,,,,,,,,,,,,,,,,,,,,,,,,,,,,,,,,,,,,,,,,,,,,,,,,,,,,,,,,,,,,,,1905.9547,329.52,0.00,19.3103,0.00,2216.1644
,,,,,,,,,,,,,,,,,,,,,,,,,,,,,,,,,,,,,,,,,,,,,,,,,,,,,,,,,,,,,,,,,,,,,,,,,,,,,,,,,,,,,,,,,,,,,,,,,,,,,,,,,,,,,,,,,,,,,,,,,,,,,,,,,,,,,,,,,,,,,,,,,,,,,,,,,1947.7447,323.76,0.00,19.6152,0.00,2251.8895
,,,,,,,,,,,,,,,,,,,,,,,,,,,,,,,,,,,,,,,,,,,,,,,,,,,,,,,,,,,,,,,,,,,,,,,,,,,,,,,,,,,,,,,,,,,,,,,,,,,,,,,,,,,,,,,,,,,,,,,,,,,,,,,,,,,,,,,,,,,,,,,,,,,,,,,,,1980.2947,324.71,0.00,19.9042,0.00,2285.1005
,,,,,,,,,,,,,,,,,,,,,,,,,,,,,,,,,,,,,,,,,,,,,,,,,,,,,,,,,,,,,,,,,,,,,,,,,,,,,,,,,,,,,,,,,,,,,,,,,,,,,,,,,,,,,,,,,,,,,,,,,,,,,,,,,,,,,,,,,,,,,,,,,,,,,,,,,1988.9947,409.17,0.00,20.7214,0.00,2377.4433
,,,,,,,,,,,,,,,,,,,,,,,,,,,,,,,,,,,,,,,,,,,,,,,,,,,,,,,,,,,,,,,,,,,,,,,,,,,,,,,,,,,,,,,,,,,,,,,,,,,,,,,,,,,,,,,,,,,,,,,,,,,,,,,,,,,,,,,,,,,,,,,,,,,,,,,,,2008.0570,415.88,0.00,20.9456,0.00,2402.9914
,,,,,,,,,,,,,,,,,,,,,,,,,,,,,,,,,,,,,,,,,,,,,,,,,,,,,,,,,,,,,,,,,,,,,,,,,,,,,,,,,,,,,,,,,,,,,,,,,,,,,,,,,,,,,,,,,,,,,,,,,,,,,,,,,,,,,,,,,,,,,,,,,,,,,,,,,2041.6744,395.88,0.00,21.0628,0.00,2416.4916
,,,,,,,,,,,,,,,,,,,,,,,,,,,,,,,,,,,,,,,,,,,,,,,,,,,,,,,,,,,,,,,,,,,,,,,,,,,,,,,,,,,,,,,,,,,,,,,,,,,,,,,,,,,,,,,,,,,,,,,,,,,,,,,,,,,,,,,,,,,,,,,,,,,,,,,,,2045.6944,410.28,0.00,21.2232,0.00,2434.7512
,,,,,,,,,,,,,,,,,,,,,,,,,,,,,,,,,,,,,,,,,,,,,,,,,,,,,,,,,,,,,,,,,,,,,,,,,,,,,,,,,,,,,,,,,,,,,,,,,,,,,,,,,,,,,,,,,,,,,,,,,,,,,,,,,,,,,,,,,,,,,,,,,,,,,,,,,2077.1144,345.03,0.00,20.9249,0.00,2401.2195
,,,,,,,,,,,,,,,,,,,,,,,,,,,,,,,,,,,,,,,,,,,,,,,,,,,,,,,,,,,,,,,,,,,,,,,,,,,,,,,,,,,,,,,,,,,,,,,,,,,,,,,,,,,,,,,,,,,,,,,,,,,,,,,,,,,,,,,,,,,,,,,,,,,,,,,,,2085.1444,341.18,0.00,20.9609,0.00,2405.3635
,,,,,,,,,,,,,,,,,,,,,,,,,,,,,,,,,,,,,,,,,,,,,,,,,,,,,,,,,,,,,,,,,,,,,,,,,,,,,,,,,,,,,,,,,,,,,,,,,,,,,,,,,,,,,,,,,,,,,,,,,,,,,,,,,,,,,,,,,,,,,,,,,,,,,,,,,2076.3444,328.72,0.00,20.7738,0.00,2384.2906
,,,,,,,,,,,,,,,,,,,,,,,,,,,,,,,,,,,,,,,,,,,,,,,,,,,,,,,,,,,,,,,,,,,,,,,,,,,,,,,,,,,,,,,,,,,,,,,,,,,,,,,,,,,,,,,,,,,,,,,,,,,,,,,,,,,,,,,,,,,,,,,,,,,,,,,,,2063.4344,339.27,0.00,20.7535,0.00,2381.9509
,,,,,,,,,,,,,,,,,,,,,,,,,,,,,,,,,,,,,,,,,,,,,,,,,,,,,,,,,,,,,,,,,,,,,,,,,,,,,,,,,,,,,,,,,,,,,,,,,,,,,,,,,,,,,,,,,,,,,,,,,,,,,,,,,,,,,,,,,,,,,,,,,,,,,,,,,2064.5644,344.07,0.00,20.8056,0.00,2387.8288
,,,,,,,,,,,,,,,,,,,,,,,,,,,,,,,,,,,,,,,,,,,,,,,,,,,,,,,,,,,,,,,,,,,,,,,,,,,,,,,,,,,,,,,,,,,,,,,,,,,,,,,,,,,,,,,,,,,,,,,,,,,,,,,,,,,,,,,,,,,,,,,,,,,,,,,,,2074.9444,350.78,0.00,20.9561,0.00,2404.7683
,,,,,,,,,,,,,,,,,,,,,,,,,,,,,,,,,,,,,,,,,,,,,,,,,,,,,,,,,,,,,,,,,,,,,,,,,,,,,,,,,,,,,,,,,,,,,,,,,,,,,,,,,,,,,,,,,,,,,,,,,,,,,,,,,,,,,,,,,,,,,,,,,,,,,,,,,2080.2544,379.57,0.00,21.2565,0.00,2438.5679
,,,,,,,,,,,,,,,,,,,,,,,,,,,,,,,,,,,,,,,,,,,,,,,,,,,,,,,,,,,,,,,,,,,,,,,,,,,,,,,,,,,,,,,,,,,,,,,,,,,,,,,,,,,,,,,,,,,,,,,,,,,,,,,,,,,,,,,,,,,,,,,,,,,,,,,,,2081.8044,398.76,0.00,21.4392,0.00,2459.1252
,,,,,,,,,,,,,,,,,,,,,,,,,,,,,,,,,,,,,,,,,,,,,,,,,,,,,,,,,,,,,,,,,,,,,,,,,,,,,,,,,,,,,,,,,,,,,,,,,,,,,,,,,,,,,,,,,,,,,,,,,,,,,,,,,,,,,,,,,,,,,,,,,,,,,,,,,2083.9244,409.33,0.00,21.5512,0.00,2471.7032
,,,,,,,,,,,,,,,,,,,,,,,,,,,,,,,,,,,,,,,,,,,,,,,,,,,,,,,,,,,,,,,,,,,,,,,,,,,,,,,,,,,,,,,,,,,,,,,,,,,,,,,,,,,,,,,,,,,,,,,,,,,,,,,,,,,,,,,,,,,,,,,,,,,,,,,,,2087.9944,441.95,0.00,21.8775,0.00,2508.0669
,,,,,,,,,,,,,,,,,,,,,,,,,,,,,,,,,,,,,,,,,,,,,,,,,,,,,,,,,,,,,,,,,,,,,,,,,,,,,,,,,,,,,,,,,,,,,,,,,,,,,,,,,,,,,,,,,,,,,,,,,,,,,,,,,,,,,,,,,,,,,,,,,,,,,,,,,2080.8103,494.11,0.00,22.2762,0.00,2552.6441
,,,,,,,,,,,,,,,,,,,,,,,,,,,,,,,,,,,,,,,,,,,,,,,,,,,,,,,,,,,,,,,,,,,,,,,,,,,,,,,,,,,,,,,,,,,,,,,,,,,,,,,,,,,,,,,,,,,,,,,,,,,,,,,,,,,,,,,,,,,,,,,,,,,,,,,,,2066.4203,549.77,0.00,22.6424,0.00,2593.5479
,,,,,,,,,,,,,,,,,,,,,,,,,,,,,,,,,,,,,,,,,,,,,,,,,,,,,,,,,,,,,,,,,,,,,,,,,,,,,,,,,,,,,,,,,,,,,,,,,,,,,,,,,,,,,,,,,,,,,,,,,,,,,,,,,,,,,,,,,,,,,,,,,,,,,,,,,2056.2503,563.21,0.00,22.6758,0.00,2596.7845
,,,,,,,,,,,,,,,,,,,,,,,,,,,,,,,,,,,,,,,,,,,,,,,,,,,,,,,,,,,,,,,,,,,,,,,,,,,,,,,,,,,,,,,,,,,,,,,,,,,,,,,,,,,,,,,,,,,,,,,,,,,,,,,,,,,,,,,,,,,,,,,,,,,,,,,,,2046.3903,581.44,0.00,22.7542,0.00,2605.0761
,,,,,,,,,,,,,,,,,,,,,,,,,,,,,,,,,,,,,,,,,,,,,,,,,,,,,,,,,,,,,,,,,,,,,,,,,,,,,,,,,,,,,,,,,,,,,,,,,,,,,,,,,,,,,,,,,,,,,,,,,,,,,,,,,,,,,,,,,,,,,,,,,,,,,,,,,2046.8675,584.32,0.00,22.7878,0.00,2608.3997
,,,,,,,,,,,,,,,,,,,,,,,,,,,,,,,,,,,,,,,,,,,,,,,,,,,,,,,,,,,,,,,,,,,,,,,,,,,,,,,,,,,,,,,,,,,,,,,,,,,,,,,,,,,,,,,,,,,,,,,,,,,,,,,,,,,,,,,,,,,,,,,,,,,,,,,,,2024.0675,614.08,0.00,22.8534,0.00,2615.2941
,,,,,,,,,,,,,,,,,,,,,,,,,,,,,,,,,,,,,,,,,,,,,,,,,,,,,,,,,,,,,,,,,,,,,,,,,,,,,,,,,,,,,,,,,,,,,,,,,,,,,,,,,,,,,,,,,,,,,,,,,,,,,,,,,,,,,,,,,,,,,,,,,,,,,,,,,1992.7775,677.41,0.00,23.1417,0.00,2647.0458
,,,,,,,,,,,,,,,,,,,,,,,,,,,,,,,,,,,,,,,,,,,,,,,,,,,,,,,,,,,,,,,,,,,,,,,,,,,,,,,,,,,,,,,,,,,,,,,,,,,,,,,,,,,,,,,,,,,,,,,,,,,,,,,,,,,,,,,,,,,,,,,,,,,,,,,,,1960.1475,696.62,0.00,23.0308,0.00,2633.7367
,,,,,,,,,,,,,,,,,,,,,,,,,,,,,,,,,,,,,,,,,,,,,,,,,,,,,,,,,,,,,,,,,,,,,,,,,,,,,,,,,,,,,,,,,,,,,,,,,,,,,,,,,,,,,,,,,,,,,,,,,,,,,,,,,,,,,,,,,,,,,,,,,,,,,,,,,1940.8675,729.23,0.00,23.1567,0.00,2646.9408
,,,,,,,,,,,,,,,,,,,,,,,,,,,,,,,,,,,,,,,,,,,,,,,,,,,,,,,,,,,,,,,,,,,,,,,,,,,,,,,,,,,,,,,,,,,,,,,,,,,,,,,,,,,,,,,,,,,,,,,,,,,,,,,,,,,,,,,,,,,,,,,,,,,,,,,,,1900.8175,746.52,0.00,22.9654,0.00,2624.3721
,,,,,,,,,,,,,,,,,,,,,,,,,,,,,,,,,,,,,,,,,,,,,,,,,,,,,,,,,,,,,,,,,,,,,,,,,,,,,,,,,,,,,,,,,,,,,,,,,,,,,,,,,,,,,,,,,,,,,,,,,,,,,,,,,,,,,,,,,,,,,,,,,,,,,,,,,1863.4175,748.44,0.00,22.6620,0.00,2589.1955
,,,,,,,,,,,,,,,,,,,,,,,,,,,,,,,,,,,,,,,,,,,,,,,,,,,,,,,,,,,,,,,,,,,,,,,,,,,,,,,,,,,,,,,,,,,,,,,,,,,,,,,,,,,,,,,,,,,,,,,,,,,,,,,,,,,,,,,,,,,,,,,,,,,,,,,,,1812.3776,777.22,0.00,22.5345,0.00,2567.0631
,,,,,,,,,,,,,,,,,,,,,,,,,,,,,,,,,,,,,,,,,,,,,,,,,,,,,,,,,,,,,,,,,,,,,,,,,,,,,,,,,,,,,,,,,,,,,,,,,,,,,,,,,,,,,,,,,,,,,,,,,,,,,,,,,,,,,,,,,,,,,,,,,,,,,,,,,1775.0826,793.54,0.00,22.4672,0.00,2546.1554
,,,,,,,,,,,,,,,,,,,,,,,,,,,,,,,,,,,,,,,,,,,,,,,,,,,,,,,,,,,,,,,,,,,,,,,,,,,,,,,,,,,,,,,,,,,,,,,,,,,,,,,,,,,,,,,,,,,,,,,,,,,,,,,,,,,,,,,,,,,,,,,,,,,,,,,,,1730.4781,810.82,0.00,22.3536,0.00,2518.9445
,,,,,,,,,,,,,,,,,,,,,,,,,,,,,,,,,,,,,,,,,,,,,,,,,,,,,,,,,,,,,,,,,,,,,,,,,,,,,,,,,,,,,,,,,,,,,,,,,,,,,,,,,,,,,,,,,,,,,,,,,,,,,,,,,,,,,,,,,,,,,,,,,,,,,,,,,1680.9780,826.17,0.00,22.1327,0.00,2485.0153
,,,,,,,,,,,,,,,,,,,,,,,,,,,,,,,,,,,,,,,,,,,,,,,,,,,,,,,,,,,,,,,,,,,,,,,,,,,,,,,,,,,,,,,,,,,,,,,,,,,,,,,,,,,,,,,,,,,,,,,,,,,,,,,,,,,,,,,,,,,,,,,,,,,,,,,,,1649.9479,819.45,0.00,21.8453,0.00,2447.5526
,,,,,,,,,,,,,,,,,,,,,,,,,,,,,,,,,,,,,,,,,,,,,,,,,,,,,,,,,,,,,,,,,,,,,,,,,,,,,,,,,,,,,,,,,,,,,,,,,,,,,,,,,,,,,,,,,,,,,,,,,,,,,,,,,,,,,,,,,,,,,,,,,,,,,,,,,1631.8479,850.16,0.00,21.9874,0.00,2460.0205
,,,,,,,,,,,,,,,,,,,,,,,,,,,,,,,,,,,,,,,,,,,,,,,,,,,,,,,,,,,,,,,,,,,,,,,,,,,,,,,,,,,,,,,,,,,,,,,,,,,,,,,,,,,,,,,,,,,,,,,,,,,,,,,,,,,,,,,,,,,,,,,,,,,,,,,,,1629.0579,865.39,0.00,22.1019,0.00,2472.3460
,,,,,,,,,,,,,,,,,,,,,,,,,,,,,,,,,,,,,,,,,,,,,,,,,,,,,,,,,,,,,,,,,,,,,,,,,,,,,,,,,,,,,,,,,,,,,,,,,,,,,,,,,,,,,,,,,,,,,,,,,,,,,,,,,,,,,,,,,,,,,,,,,,,,,,,,,1634.1479,899.00,0.00,22.4461,0.00,2510.7018
,,,,,,,,,,,,,,,,,,,,,,,,,,,,,,,,,,,,,,,,,,,,,,,,,,,,,,,,,,,,,,,,,,,,,,,,,,,,,,,,,,,,,,,,,,,,,,,,,,,,,,,,,,,,,,,,,,,,,,,,,,,,,,,,,,,,,,,,,,,,,,,,,,,,,,,,,1642.9479,910.87,0.00,22.6292,0.00,2531.1887
,,,,,,,,,,,,,,,,,,,,,,,,,,,,,,,,,,,,,,,,,,,,,,,,,,,,,,,,,,,,,,,,,,,,,,,,,,,,,,,,,,,,,,,,,,,,,,,,,,,,,,,,,,,,,,,,,,,,,,,,,,,,,,,,,,,,,,,,,,,,,,,,,,,,,,,,,1624.5005,926.67,0.00,22.6059,0.00,2528.5646
,,,,,,,,,,,,,,,,,,,,,,,,,,,,,,,,,,,,,,,,,,,,,,,,,,,,,,,,,,,,,,,,,,,,,,,,,,,,,,,,,,,,,,,,,,,,,,,,,,,,,,,,,,,,,,,,,,,,,,,,,,,,,,,,,,,,,,,,,,,,,,,,,,,,,,,,,1620.1905,945.59,0.00,22.7345,0.00,2543.0460
,,,,,,,,,,,,,,,,,,,,,,,,,,,,,,,,,,,,,,,,,,,,,,,,,,,,,,,,,,,,,,,,,,,,,,,,,,,,,,,,,,,,,,,,,,,,,,,,,,,,,,,,,,,,,,,,,,,,,,,,,,,,,,,,,,,,,,,,,,,,,,,,,,,,,,,,,1655.2966,936.53,0.00,22.9637,0.00,2568.8629
,,,,,,,,,,,,,,,,,,,,,,,,,,,,,,,,,,,,,,,,,,,,,,,,,,,,,,,,,,,,,,,,,,,,,,,,,,,,,,,,,,,,,,,,,,,,,,,,,,,,,,,,,,,,,,,,,,,,,,,,,,,,,,,,,,,,,,,,,,,,,,,,,,,,,,,,,1651.8966,958.56,0.00,23.1276,0.00,2587.3290
,,,,,,,,,,,,,,,,,,,,,,,,,,,,,,,,,,,,,,,,,,,,,,,,,,,,,,,,,,,,,,,,,,,,,,,,,,,,,,,,,,,,,,,,,,,,,,,,,,,,,,,,,,,,,,,,,,,,,,,,,,,,,,,,,,,,,,,,,,,,,,,,,,,,,,,,,1648.1966,973.59,3.00,23.2273,0.00,2601.5593
,,,,,,,,,,,,,,,,,,,,,,,,,,,,,,,,,,,,,,,,,,,,,,,,,,,,,,,,,,,,,,,,,,,,,,,,,,,,,,,,,,,,,,,,,,,,,,,,,,,,,,,,,,,,,,,,,,,,,,,,,,,,,,,,,,,,,,,,,,,,,,,,,,,,,,,,,1646.5766,989.02,7.00,23.3488,0.00,2619.2478
,,,,,,,,,,,,,,,,,,,,,,,,,,,,,,,,,,,,,,,,,,,,,,,,,,,,,,,,,,,,,,,,,,,,,,,,,,,,,,,,,,,,,,,,,,,,,,,,,,,,,,,,,,,,,,,,,,,,,,,,,,,,,,,,,,,,,,,,,,,,,,,,,,,,,,,,,1642.2656,985.48,33.00,23.2797,0.00,2637.4659
,,,,,,,,,,,,,,,,,,,,,,,,,,,,,,,,,,,,,,,,,,,,,,,,,,,,,,,,,,,,,,,,,,,,,,,,,,,,,,,,,,,,,,,,,,,,,,,,,,,,,,,,,,,,,,,,,,,,,,,,,,,,,,,,,,,,,,,,,,,,,,,,,,,,,,,,,1624.2756,976.84,89.00,23.0454,0.00,2667.0702
,,,,,,,,,,,,,,,,,,,,,,,,,,,,,,,,,,,,,,,,,,,,,,,,,,,,,,,,,,,,,,,,,,,,,,,,,,,,,,,,,,,,,,,,,,,,,,,,,,,,,,,,,,,,,,,,,,,,,,,,,,,,,,,,,,,,,,,,,,,,,,,,,,,,,,,,,1621.8956,963.42,93.95,23.1880,0.00,2656.0776
,,,,,,,,,,,,,,,,,,,,,,,,,,,,,,,,,,,,,,,,,,,,,,,,,,,,,,,,,,,,,,,,,,,,,,,,,,,,,,,,,,,,,,,,,,,,,,,,,,,,,,,,,,,,,,,,,,,,,,,,,,,,,,,,,,,,,,,,,,,,,,,,,,,,,,,,,1640.3356,1043.56,52.69,23.9675,0.00,2712.6181
,,,,,,,,,,,,,,,,,,,,,,,,,,,,,,,,,,,,,,,,,,,,,,,,,,,,,,,,,,,,,,,,,,,,,,,,,,,,,,,,,,,,,,,,,,,,,,,,,,,,,,,,,,,,,,,,,,,,,,,,,,,,,,,,,,,,,,,,,,,,,,,,,,,,,,,,,1635.5756,1093.55,17.94,24.4007,0.00,2722.6649
,,,,,,,,,,,,,,,,,,,,,,,,,,,,,,,,,,,,,,,,,,,,,,,,,,,,,,,,,,,,,,,,,,,,,,,,,,,,,,,,,,,,,,,,,,,,,,,,,,,,,,,,,,,,,,,,,,,,,,,,,,,,,,,,,,,,,,,,,,,,,,,,,,,,,,,,,1646.1156,1143.05,0.00,24.9466,0.00,2764.2190
,,,,,,,,,,,,,,,,,,,,,,,,,,,,,,,,,,,,,,,,,,,,,,,,,,,,,,,,,,,,,,,,,,,,,,,,,,,,,,,,,,,,,,,,,,,,,,,,,,,,,,,,,,,,,,,,,,,,,,,,,,,,,,,,,,,,,,,,,,,,,,,,,,,,,,,,,1655.8589,1178.52,0.00,26.0133,0.00,2808.3656
,,,,,,,,,,,,,,,,,,,,,,,,,,,,,,,,,,,,,,,,,,,,,,,,,,,,,,,,,,,,,,,,,,,,,,,,,,,,,,,,,,,,,,,,,,,,,,,,,,,,,,,,,,,,,,,,,,,,,,,,,,,,,,,,,,,,,,,,,,,,,,,,,,,,,,,,,1655.2492,1215.12,0.00,25.8548,0.00,2844.5144
,,,,,,,,,,,,,,,,,,,,,,,,,,,,,,,,,,,,,,,,,,,,,,,,,,,,,,,,,,,,,,,,,,,,,,,,,,,,,,,,,,,,,,,,,,,,,,,,,,,,,,,,,,,,,,,,,,,,,,,,,,,,,,,,,,,,,,,,,,,,,,,,,,,,,,,,,1663.5692,1185.30,0.00,26.5280,0.00,2822.3412
,,,,,,,,,,,,,,,,,,,,,,,,,,,,,,,,,,,,,,,,,,,,,,,,,,,,,,,,,,,,,,,,,,,,,,,,,,,,,,,,,,,,,,,,,,,,,,,,,,,,,,,,,,,,,,,,,,,,,,,,,,,,,,,,,,,,,,,,,,,,,,,,,,,,,,,,,1661.0692,1203.42,0.00,26.2431,0.00,2838.2461
,,,,,,,,,,,,,,,,,,,,,,,,,,,,,,,,,,,,,,,,,,,,,,,,,,,,,,,,,,,,,,,,,,,,,,,,,,,,,,,,,,,,,,,,,,,,,,,,,,,,,,,,,,,,,,,,,,,,,,,,,,,,,,,,,,,,,,,,,,,,,,,,,,,,,,,,,1619.6992,1242.87,0.00,25.3462,0.00,2837.2230
,,,,,,,,,,,,,,,,,,,,,,,,,,,,,,,,,,,,,,,,,,,,,,,,,,,,,,,,,,,,,,,,,,,,,,,,,,,,,,,,,,,,,,,,,,,,,,,,,,,,,,,,,,,,,,,,,,,,,,,,,,,,,,,,,,,,,,,,,,,,,,,,,,,,,,,,,1616.3992,1243.54,0.00,25.3230,0.00,2834.6162
,,,,,,,,,,,,,,,,,,,,,,,,,,,,,,,,,,,,,,,,,,,,,,,,,,,,,,,,,,,,,,,,,,,,,,,,,,,,,,,,,,,,,,,,,,,,,,,,,,,,,,,,,,,,,,,,,,,,,,,,,,,,,,,,,,,,,,,,,,,,,,,,,,,,,,,,,1609.5192,1220.49,0.00,25.2357,0.00,2804.7735
,,,,,,,,,,,,,,,,,,,,,,,,,,,,,,,,,,,,,,,,,,,,,,,,,,,,,,,,,,,,,,,,,,,,,,,,,,,,,,,,,,,,,,,,,,,,,,,,,,,,,,,,,,,,,,,,,,,,,,,,,,,,,,,,,,,,,,,,,,,,,,,,,,,,,,,,,1610.3192,1184.34,0.00,25.2062,0.00,2769.4530
